425980,50
426030,50
426080,50
426130,50
426180,50
426230,50
426280,50
426330,50
426380,50
426430,50
426480,50
426530,50
426580,50
426630,50
426680,50
426730,50
426780,50
426830,50
426880,50
426930,50
426980,50
427030,50
427080,50
427130,50
427180,50
427230,50
427280,50
427330,50
427380,50
427430,50
427480,50
427530,50
427580,50
427630,50
427680,50
427730,50
427780,50
427830,50
427880,50
427930,50
427980,50
428030,50
428080,50
428130,50
428180,50
428230,50
428280,50
428330,50
428380,50
428430,50
428480,50
428530,50
428580,50
428630,50
428680,50
428730,50
428780,50
428830,50
428880,50
428930,50
428980,50
429030,50
429080,50
429130,50
429180,50
429230,50
429280,50
429330,50
429380,50
429430,50
429480,50
429530,50
429580,50
429630,50
429680,50
429730,50
429780,50
429830,50
429880,50
429930,50
429980,50
430030,50
430080,50
430130,50
430180,50
430230,50
430280,50
430330,50
430380,50
430430,50
430480,50
430530,50
430580,50
430630,50
430680,50
430730,50
430780,50
430830,50
430880,50
430930,50
430980,50
431030,50
431080,50
431130,50
431180,50
431230,50
431280,50
431330,50
431380,50
431430,50
431480,50
431530,50
431580,50
431630,50
431680,50
431730,50
431780,50
431830,50
431880,50
431930,50
431980,50
432030,50
432080,50
432130,50
432180,50
432230,50
432280,50
432330,50
432380,50
432430,50
432480,50
432530,50
432580,50
432630,50
432680,50
432730,50
432780,50
432830,50
432880,50
432930,50
432980,50
433030,50
433080,50
433130,50
433180,50
433230,50
433280,50
433330,50
433380,50
433430,50
433480,50
433530,50
433580,50
433630,50
433680,50
433730,50
433780,50
433830,50
433880,50
433930,50
433980,50
434030,50
434080,50
434130,50
434180,50
434230,50
434280,50
434330,50
434380,50
434430,50
434480,50
434530,50
434580,50
434630,50
434680,50
434730,50
434780,50
434830,50
434880,50
434930,50
434980,50
435030,50
435080,50
435130,50
435180,50
435230,50
435280,50
435330,50
435380,50
435430,50
435480,50
435530,50
435580,50
435630,50
435680,50
435730,50
435780,50
435830,50
435880,50
435930,50
435980,50
436030,50
436080,50
436130,50
436180,50
436230,50
436280,50
436330,50
436380,50
436430,50
436480,50
436530,50
436580,50
436630,50
436680,50
436730,50
436780,50
436830,50
436880,50
436930,50
436980,50
437030,50
437080,50
437130,50
437180,50
437230,50
437280,50
437330,50
437380,50
437430,50
437480,50
437530,50
437580,50
437630,50
437680,50
437730,50
437780,50
437830,50
437880,50
437930,50
437980,50
438030,50
438080,50
438130,50
438180,50
438230,50
438280,50
438330,50
438380,50
438430,50
438480,50
438530,50
438580,50
438630,50
438680,50
438730,50
438780,50
438830,50
438880,50
438930,50
438980,50
439030,50
439080,50
439130,50
439180,50
439230,50
439280,50
439330,50
439380,50
439430,50
439480,50
439530,50
439580,50
439630,50
439680,50
439730,50
439780,50
439830,50
439880,50
439930,50
439980,50
440030,50
440080,50
440130,50
440180,50
440230,50
440280,50
440330,50
440380,50
440430,50
440480,50
440530,50
440580,50
440630,50
440680,50
440730,50
440780,50
440830,50
440880,50
440930,50
440980,50
441030,50
441080,50
441130,50
441180,50
441230,50
441280,50
441330,50
441380,50
441430,50
441480,50
441530,50
441580,50
441630,50
441680,50
441730,50
441780,50
441830,50
441880,50
441930,50
441980,50
442030,50
442080,50
442130,50
442180,50
442230,50
442280,50
442330,50
442380,50
442430,50
442480,50
442530,50
442580,50
442630,50
442680,50
442730,50
442780,50
442830,50
442880,50
442930,50
442980,50
443030,50
443080,50
443130,50
443180,50
443230,50
443280,50
443330,50
443380,50
443430,50
443480,50
443530,50
443580,50
443630,50
443680,50
443730,50
443780,50
443830,50
443880,50
443930,50
443980,50
444030,50
444080,50
444130,50
444180,50
444230,50
444280,50
444330,50
444380,50
444430,50
444480,50
444530,50
444580,50
444630,50
444680,50
444730,50
444780,50
444830,50
444880,50
444930,50
444980,50
445030,50
445080,50
445130,50
445180,50
445230,50
445280,50
445330,50
445380,50
445430,50
445480,50
445530,50
445580,50
445630,50
445680,50
445730,50
445780,50
445830,50
445880,50
445930,50
445980,50
446030,50
446080,50
446130,50
446180,50
446230,50
446280,50
446330,50
446380,50
446430,50
446480,50
446530,50
446580,50
446630,50
446680,50
446730,50
446780,50
446830,50
446880,50
446930,50
446980,50
447030,50
447080,50
447130,50
447180,50
447230,50
447280,50
447330,50
447380,50
447430,50
447480,50
447530,50
447580,50
447630,50
447680,50
447730,50
447780,50
447830,50
447880,50
447930,50
447980,50
448030,50
448080,50
448130,50
448180,50
448230,50
448280,50
448330,50
448380,50
448430,50
448480,50
448530,50
448580,50
448630,50
448680,50
448730,50
448780,50
448830,50
448880,50
448930,50
448980,50
449030,50
449080,50
449130,50
449180,50
449230,50
449280,50
449330,50
449380,50
449430,50
449480,50
449530,50
449580,50
449630,50
449680,50
449730,50
449780,50
449830,50
449880,50
449930,50
449980,50
450030,50
450080,50
450130,50
450180,50
450230,50
450280,50
450330,50
450380,50
450430,50
450480,50
450530,50
450580,50
450630,50
450680,50
450730,50
450780,50
450830,50
450880,50
450930,50
450980,50
451030,50
451080,50
451130,50
451180,50
451230,50
451280,50
451330,50
451380,50
451430,50
451480,50
451530,50
451580,50
451630,50
451680,50
451730,50
451780,50
451830,50
451880,50
451930,50
451980,50
452030,50
452080,50
452130,50
452180,50
452230,50
452280,50
452330,50
452380,50
452430,50
452480,50
452530,50
452580,50
452630,50
452680,50
452730,50
452780,50
452830,50
452880,50
452930,50
452980,50
453030,50
453080,50
453130,50
453180,50
453230,50
453280,50
453330,50
453380,50
453430,50
453480,50
453530,50
453580,50
453630,50
453680,50
453730,50
453780,50
453830,50
453880,50
453930,50
453980,50
454030,50
454080,50
454130,50
454180,50
454230,50
454280,50
454330,50
454380,50
454430,50
454480,50
454530,50
454580,50
454630,50
454680,50
454730,50
454780,50
454830,50
454880,50
454930,50
454980,50
455030,50
455080,50
455130,50
455180,50
455230,50
455280,50
455330,50
455380,50
455430,50
455480,50
455530,50
455580,50
455630,50
455680,50
455730,50
455780,50
455830,50
455880,50
455930,50
455980,50
456030,50
456080,50
456130,50
456180,50
456230,50
456280,50
456330,50
456380,50
456430,50
456480,50
456530,50
456580,50
456630,50
456680,50
456730,50
456780,50
456830,50
456880,50
456930,50
456980,50
457030,50
457080,50
457130,50
457180,50
457230,50
457280,50
457330,50
457380,50
457430,50
457480,50
457530,50
457580,50
457630,50
457680,50
457730,50
457780,50
457830,50
457880,50
457930,50
457980,50
458030,50
458080,50
458130,50
458180,50
458230,50
458280,50
458330,50
458380,50
458430,50
458480,50
458530,50
458580,50
458630,50
458680,50
458730,50
458780,50
458830,50
458880,50
458930,50
458980,50
459030,50
459080,50
459130,50
459180,50
459230,50
459280,50
459330,50
459380,50
459430,50
459480,50
459530,50
459580,50
459630,50
459680,50
459730,50
459780,50
459830,50
459880,50
459930,50
459980,50
460030,50
460080,50
460130,50
460180,50
460230,50
460280,50
460330,50
460380,50
460430,50
460480,50
460530,50
460580,50
460630,50
460680,50
460730,50
460780,50
460830,50
460880,50
460930,50
460980,50
461030,50
461080,50
461130,50
461180,50
461230,50
461280,50
461330,50
461380,50
461430,50
461480,50
461530,50
461580,50
461630,50
461680,50
461730,50
461780,50
461830,50
461880,50
461930,50
461980,50
462030,50
462080,50
462130,50
462180,50
462230,50
462280,50
462330,50
462380,50
462430,50
462480,50
462530,50
462580,50
462630,50
462680,50
462730,50
462780,50
462830,50
462880,50
462930,50
462980,50
463030,50
463080,50
463130,50
463180,50
463230,50
463280,50
463330,50
463380,50
463430,50
463480,50
463530,50
463580,50
463630,50
463680,50
463730,50
463780,50
463830,50
463880,50
463930,50
463980,50
464030,50
464080,50
464130,50
464180,50
464230,50
464280,50
464330,50
464380,50
464430,50
464480,50
464530,50
464580,50
464630,50
464680,50
464730,50
464780,50
464830,50
464880,50
464930,50
464980,50
465030,50
465080,50
465130,50
465180,50
465230,50
465280,50
465330,50
465380,50
465430,50
465480,50
465530,50
465580,50
465630,50
465680,50
465730,50
465780,50
465830,50
465880,50
465930,50
465980,50
466030,50
466080,50
466130,50
466180,50
466230,50
466280,50
466330,50
466380,50
466430,50
466480,50
466530,50
466580,50
466630,50
466680,50
466730,50
466780,50
466830,50
466880,50
466930,50
466980,50
467030,50
467080,50
467130,50
467180,50
467230,50
467280,50
467330,50
467380,50
467430,50
467480,50
467530,50
467580,50
467630,50
467680,50
467730,50
467780,50
467830,50
467880,50
467930,50
467980,50
468030,50
468080,50
468130,50
468180,50
468230,50
468280,50
468330,50
468380,50
468430,50
468480,50
468530,50
468580,50
468630,50
468680,50
468730,50
468780,50
468830,50
468880,50
468930,50
468980,50
469030,50
469080,50
469130,50
469180,50
469230,50
469280,50
469330,50
469380,50
469430,50
469480,50
469530,50
469580,50
469630,50
469680,50
469730,50
469780,50
469830,50
469880,50
469930,50
469980,50
470030,50
470080,50
470130,50
470180,50
470230,50
470280,50
470330,50
470380,50
470430,50
470480,50
470530,50
470580,50
470630,50
470680,50
470730,50
470780,50
470830,50
470880,50
470930,50
470980,50
471030,50
471080,50
471130,50
471180,50
471230,50
471280,50
471330,50
471380,50
471430,50
471480,50
471530,50
471580,50
471630,50
471680,50
471730,50
471780,50
471830,50
471880,50
471930,50
471980,50
472030,50
472080,50
472130,50
472180,50
472230,50
472280,50
472330,50
472380,50
472430,50
472480,50
472530,50
472580,50
472630,50
472680,50
472730,50
472780,50
472830,50
472880,50
472930,50
472980,50
473030,50
473080,50
473130,50
473180,50
473230,50
473280,50
473330,50
473380,50
473430,50
473480,50
473530,50
473580,50
473630,50
473680,50
473730,50
473780,50
473830,50
473880,50
473930,50
473980,50
474030,50
474080,50
474130,50
474180,50
474230,50
474280,50
474330,50
474380,50
474430,50
474480,50
474530,50
474580,50
474630,50
474680,50
474730,50
474780,50
474830,50
474880,50
474930,50
474980,50
475030,50
475080,50
475130,50
475180,50
475230,50
475280,50
475330,50
475380,50
475430,50
475480,50
475530,50
475580,50
475630,50
475680,50
475730,50
475780,50
475830,50
475880,50
475930,50
475980,50
476030,50
476080,50
476130,50
476180,50
476230,50
476280,50
476330,50
476380,50
476430,50
476480,50
476530,50
476580,50
476630,50
476680,50
476730,50
476780,50
476830,50
476880,50
476930,50
476980,50
477030,50
477080,50
477130,50
477180,50
477230,50
477280,50
477330,50
477380,50
477430,50
477480,50
477530,50
477580,50
477630,50
477680,50
477730,50
477780,50
477830,50
477880,50
477930,50
477980,50
478030,50
478080,50
478130,50
478180,50
478230,50
478280,50
478330,50
478380,50
478430,50
478480,50
478530,50
478580,50
478630,50
478680,50
478730,50
478780,50
478830,50
478880,50
478930,50
478980,50
479030,50
479080,50
479130,50
479180,50
479230,50
479280,50
479330,50
479380,50
479430,50
479480,50
479530,50
479580,50
479630,50
479680,50
479730,50
479780,50
479830,50
479880,50
479930,50
479980,50
480030,50
480080,50
480130,50
480180,50
480230,50
480280,50
480330,50
480380,50
480430,50
480480,50
480530,50
480580,50
480630,50
480680,50
480730,50
480780,50
480830,50
480880,50
480930,50
480980,50
481030,50
481080,50
481130,50
481180,50
481230,50
481280,50
481330,50
481380,50
481430,50
481480,50
481530,50
481580,50
481630,50
481680,50
481730,50
481780,50
481830,50
481880,50
481930,50
481980,50
482030,50
482080,50
482130,50
482180,50
482230,50
482280,50
482330,50
482380,50
482430,50
482480,50
482530,50
482580,50
482630,50
482680,50
482730,50
482780,50
482830,50
482880,50
482930,50
482980,50
483030,50
483080,50
483130,50
483180,50
483230,50
483280,50
483330,50
483380,50
483430,50
483480,50
483530,50
483580,50
483630,50
483680,50
483730,50
483780,50
483830,50
483880,50
483930,50
483980,50
484030,50
484080,50
484130,50
484180,50
484230,50
484280,50
484330,50
484380,50
484430,50
484480,50
484530,50
484580,50
484630,50
484680,50
484730,50
484780,50
484830,50
484880,50
484930,50
484980,50
485030,50
485080,50
485130,50
485180,50
485230,50
485280,50
485330,50
485380,50
485430,50
485480,50
485530,50
485580,50
485630,50
485680,50
485730,50
485780,50
485830,50
485880,50
485930,50
485980,50
486030,50
486080,50
486130,50
486180,50
486230,50
486280,50
486330,50
486380,50
486430,50
486480,50
486530,50
486580,50
486630,50
486680,50
486730,50
486780,50
486830,50
486880,50
486930,50
486980,50
487030,50
487080,50
487130,50
487180,50
487230,50
487280,50
487330,50
487380,50
487430,50
487480,50
487530,50
487580,50
487630,50
487680,50
487730,50
487780,50
487830,50
487880,50
487930,50
487980,50
488030,50
488080,50
488130,50
488180,50
488230,50
488280,50
488330,50
488380,50
488430,50
488480,50
488530,50
488580,50
488630,50
488680,50
488730,50
488780,50
488830,50
488880,50
488930,50
488980,50
489030,50
489080,50
489130,50
489180,50
489230,50
489280,50
489330,50
489380,50
489430,50
489480,50
489530,50
489580,50
489630,50
489680,50
489730,50
489780,50
489830,50
489880,50
489930,50
489980,50
490030,50
490080,50
490130,50
490180,50
490230,50
490280,50
490330,50
490380,50
490430,50
490480,50
490530,50
490580,50
490630,50
490680,50
490730,50
490780,50
490830,50
490880,50
490930,50
490980,50
491030,50
491080,50
491130,50
491180,50
491230,50
491280,50
491330,50
491380,50
491430,50
491480,50
491530,50
491580,50
491630,50
491680,50
491730,50
491780,50
491830,50
491880,50
491930,50
491980,50
492030,50
492080,50
492130,50
492180,50
492230,50
492280,50
492330,50
492380,50
492430,50
492480,50
492530,50
492580,50
492630,50
492680,50
492730,50
492780,50
492830,50
492880,50
492930,50
492980,50
493030,50
493080,50
493130,50
493180,50
493230,50
493280,50
493330,50
493380,50
493430,50
493480,50
493530,50
493580,50
493630,50
493680,50
493730,50
493780,50
493830,50
493880,50
493930,50
493980,50
494030,50
494080,50
494130,50
494180,50
494230,50
494280,50
494330,50
494380,50
494430,50
494480,50
494530,50
494580,50
494630,50
494680,50
494730,50
494780,50
494830,50
494880,50
494930,50
494980,50
495030,50
495080,50
495130,50
495180,50
495230,50
495280,50
495330,50
495380,50
495430,50
495480,50
495530,50
495580,50
495630,50
495680,50
495730,50
495780,50
495830,50
495880,50
495930,50
495980,50
496030,50
496080,50
496130,50
496180,50
496230,50
496280,50
496330,50
496380,50
496430,50
496480,50
496530,50
496580,50
496630,50
496680,50
496730,50
496780,50
496830,50
496880,50
496930,50
496980,50
497030,50
497080,50
497130,50
497180,50
497230,50
497280,50
497330,50
497380,50
497430,50
497480,50
497530,50
497580,50
497630,50
497680,50
497730,50
497780,50
497830,50
497880,50
497930,50
497980,50
498030,50
498080,50
498130,50
498180,50
498230,50
498280,50
498330,50
498380,50
498430,50
498480,50
498530,50
498580,50
498630,50
498680,50
498730,50
498780,50
498830,50
498880,50
498930,50
498980,50
499030,50
499080,50
499130,50
499180,50
499230,50
499280,50
499330,50
499380,50
499430,50
499480,50
499530,50
499580,50
499630,50
499680,50
499730,50
499780,50
499830,50
499880,50
499930,50
499980,50
500030,50
500080,50
500130,50
500180,50
500230,50
500280,50
500330,50
500380,50
500430,50
500480,50
500530,50
500580,50
500630,50
500680,50
500730,50
500780,50
500830,50
500880,50
500930,50
500980,50
501030,50
501080,50
501130,50
501180,50
501230,50
501280,50
501330,50
501380,50
501430,50
501480,50
501530,50
501580,50
501630,50
501680,50
501730,50
501780,50
501830,50
501880,50
501930,50
501980,50
502030,50
502080,50
502130,50
502180,50
502230,50
502280,50
502330,50
502380,50
502430,50
502480,50
502530,50
502580,50
502630,50
502680,50
502730,50
502780,50
502830,50
502880,50
502930,50
502980,50
503030,50
503080,50
503130,50
503180,50
503230,50
503280,50
503330,50
503380,50
503430,50
503480,50
503530,50
503580,50
503630,50
503680,50
503730,50
503780,50
503830,50
503880,50
503930,50
503980,50
504030,50
504080,50
504130,50
504180,50
504230,50
504280,50
504330,50
504380,50
504430,50
504480,50
504530,50
504580,50
504630,50
504680,50
504730,50
504780,50
504830,50
504880,50
504930,50
504980,50
505030,50
505080,50
505130,50
505180,50
505230,50
505280,50
505330,50
505380,50
505430,50
505480,50
505530,50
505580,50
505630,50
505680,50
505730,50
505780,50
505830,50
505880,50
505930,50
505980,50
506030,50
506080,50
506130,50
506180,50
506230,50
506280,50
506330,50
506380,50
506430,50
506480,50
506530,50
506580,50
506630,50
506680,50
506730,50
506780,50
506830,50
506880,50
506930,50
506980,50
507030,50
507080,50
507130,50
507180,50
507230,50
507280,50
507330,50
507380,50
507430,50
507480,50
507530,50
507580,50
507630,50
507680,50
507730,50
507780,50
507830,50
507880,50
507930,50
507980,50
508030,50
508080,50
508130,50
508180,50
508230,50
508280,50
508330,50
508380,50
508430,50
508480,50
508530,50
508580,50
508630,50
508680,50
508730,50
508780,50
508830,50
508880,50
508930,50
508980,50
509030,50
509080,50
509130,50
509180,50
509230,50
509280,50
509330,50
509380,50
509430,50
509480,50
509530,50
509580,50
509630,50
509680,50
509730,50
509780,50
509830,50
509880,50
509930,50
509980,50
510030,50
510080,50
510130,50
510180,50
510230,50
510280,50
510330,50
510380,50
510430,50
510480,50
510530,50
510580,50
510630,50
510680,50
510730,50
510780,50
510830,50
510880,50
510930,50
510980,50
511030,50
511080,50
511130,50
