255588,50
255638,50
255688,50
255738,50
255788,50
255838,50
255888,50
255938,50
255988,50
256038,50
256088,50
256138,50
256188,50
256238,50
256288,50
256338,50
256388,50
256438,50
256488,50
256538,50
256588,50
256638,50
256688,50
256738,50
256788,50
256838,50
256888,50
256938,50
256988,50
257038,50
257088,50
257138,50
257188,50
257238,50
257288,50
257338,50
257388,50
257438,50
257488,50
257538,50
257588,50
257638,50
257688,50
257738,50
257788,50
257838,50
257888,50
257938,50
257988,50
258038,50
258088,50
258138,50
258188,50
258238,50
258288,50
258338,50
258388,50
258438,50
258488,50
258538,50
258588,50
258638,50
258688,50
258738,50
258788,50
258838,50
258888,50
258938,50
258988,50
259038,50
259088,50
259138,50
259188,50
259238,50
259288,50
259338,50
259388,50
259438,50
259488,50
259538,50
259588,50
259638,50
259688,50
259738,50
259788,50
259838,50
259888,50
259938,50
259988,50
260038,50
260088,50
260138,50
260188,50
260238,50
260288,50
260338,50
260388,50
260438,50
260488,50
260538,50
260588,50
260638,50
260688,50
260738,50
260788,50
260838,50
260888,50
260938,50
260988,50
261038,50
261088,50
261138,50
261188,50
261238,50
261288,50
261338,50
261388,50
261438,50
261488,50
261538,50
261588,50
261638,50
261688,50
261738,50
261788,50
261838,50
261888,50
261938,50
261988,50
262038,50
262088,50
262138,50
262188,50
262238,50
262288,50
262338,50
262388,50
262438,50
262488,50
262538,50
262588,50
262638,50
262688,50
262738,50
262788,50
262838,50
262888,50
262938,50
262988,50
263038,50
263088,50
263138,50
263188,50
263238,50
263288,50
263338,50
263388,50
263438,50
263488,50
263538,50
263588,50
263638,50
263688,50
263738,50
263788,50
263838,50
263888,50
263938,50
263988,50
264038,50
264088,50
264138,50
264188,50
264238,50
264288,50
264338,50
264388,50
264438,50
264488,50
264538,50
264588,50
264638,50
264688,50
264738,50
264788,50
264838,50
264888,50
264938,50
264988,50
265038,50
265088,50
265138,50
265188,50
265238,50
265288,50
265338,50
265388,50
265438,50
265488,50
265538,50
265588,50
265638,50
265688,50
265738,50
265788,50
265838,50
265888,50
265938,50
265988,50
266038,50
266088,50
266138,50
266188,50
266238,50
266288,50
266338,50
266388,50
266438,50
266488,50
266538,50
266588,50
266638,50
266688,50
266738,50
266788,50
266838,50
266888,50
266938,50
266988,50
267038,50
267088,50
267138,50
267188,50
267238,50
267288,50
267338,50
267388,50
267438,50
267488,50
267538,50
267588,50
267638,50
267688,50
267738,50
267788,50
267838,50
267888,50
267938,50
267988,50
268038,50
268088,50
268138,50
268188,50
268238,50
268288,50
268338,50
268388,50
268438,50
268488,50
268538,50
268588,50
268638,50
268688,50
268738,50
268788,50
268838,50
268888,50
268938,50
268988,50
269038,50
269088,50
269138,50
269188,50
269238,50
269288,50
269338,50
269388,50
269438,50
269488,50
269538,50
269588,50
269638,50
269688,50
269738,50
269788,50
269838,50
269888,50
269938,50
269988,50
270038,50
270088,50
270138,50
270188,50
270238,50
270288,50
270338,50
270388,50
270438,50
270488,50
270538,50
270588,50
270638,50
270688,50
270738,50
270788,50
270838,50
270888,50
270938,50
270988,50
271038,50
271088,50
271138,50
271188,50
271238,50
271288,50
271338,50
271388,50
271438,50
271488,50
271538,50
271588,50
271638,50
271688,50
271738,50
271788,50
271838,50
271888,50
271938,50
271988,50
272038,50
272088,50
272138,50
272188,50
272238,50
272288,50
272338,50
272388,50
272438,50
272488,50
272538,50
272588,50
272638,50
272688,50
272738,50
272788,50
272838,50
272888,50
272938,50
272988,50
273038,50
273088,50
273138,50
273188,50
273238,50
273288,50
273338,50
273388,50
273438,50
273488,50
273538,50
273588,50
273638,50
273688,50
273738,50
273788,50
273838,50
273888,50
273938,50
273988,50
274038,50
274088,50
274138,50
274188,50
274238,50
274288,50
274338,50
274388,50
274438,50
274488,50
274538,50
274588,50
274638,50
274688,50
274738,50
274788,50
274838,50
274888,50
274938,50
274988,50
275038,50
275088,50
275138,50
275188,50
275238,50
275288,50
275338,50
275388,50
275438,50
275488,50
275538,50
275588,50
275638,50
275688,50
275738,50
275788,50
275838,50
275888,50
275938,50
275988,50
276038,50
276088,50
276138,50
276188,50
276238,50
276288,50
276338,50
276388,50
276438,50
276488,50
276538,50
276588,50
276638,50
276688,50
276738,50
276788,50
276838,50
276888,50
276938,50
276988,50
277038,50
277088,50
277138,50
277188,50
277238,50
277288,50
277338,50
277388,50
277438,50
277488,50
277538,50
277588,50
277638,50
277688,50
277738,50
277788,50
277838,50
277888,50
277938,50
277988,50
278038,50
278088,50
278138,50
278188,50
278238,50
278288,50
278338,50
278388,50
278438,50
278488,50
278538,50
278588,50
278638,50
278688,50
278738,50
278788,50
278838,50
278888,50
278938,50
278988,50
279038,50
279088,50
279138,50
279188,50
279238,50
279288,50
279338,50
279388,50
279438,50
279488,50
279538,50
279588,50
279638,50
279688,50
279738,50
279788,50
279838,50
279888,50
279938,50
279988,50
280038,50
280088,50
280138,50
280188,50
280238,50
280288,50
280338,50
280388,50
280438,50
280488,50
280538,50
280588,50
280638,50
280688,50
280738,50
280788,50
280838,50
280888,50
280938,50
280988,50
281038,50
281088,50
281138,50
281188,50
281238,50
281288,50
281338,50
281388,50
281438,50
281488,50
281538,50
281588,50
281638,50
281688,50
281738,50
281788,50
281838,50
281888,50
281938,50
281988,50
282038,50
282088,50
282138,50
282188,50
282238,50
282288,50
282338,50
282388,50
282438,50
282488,50
282538,50
282588,50
282638,50
282688,50
282738,50
282788,50
282838,50
282888,50
282938,50
282988,50
283038,50
283088,50
283138,50
283188,50
283238,50
283288,50
283338,50
283388,50
283438,50
283488,50
283538,50
283588,50
283638,50
283688,50
283738,50
283788,50
283838,50
283888,50
283938,50
283988,50
284038,50
284088,50
284138,50
284188,50
284238,50
284288,50
284338,50
284388,50
284438,50
284488,50
284538,50
284588,50
284638,50
284688,50
284738,50
284788,50
284838,50
284888,50
284938,50
284988,50
285038,50
285088,50
285138,50
285188,50
285238,50
285288,50
285338,50
285388,50
285438,50
285488,50
285538,50
285588,50
285638,50
285688,50
285738,50
285788,50
285838,50
285888,50
285938,50
285988,50
286038,50
286088,50
286138,50
286188,50
286238,50
286288,50
286338,50
286388,50
286438,50
286488,50
286538,50
286588,50
286638,50
286688,50
286738,50
286788,50
286838,50
286888,50
286938,50
286988,50
287038,50
287088,50
287138,50
287188,50
287238,50
287288,50
287338,50
287388,50
287438,50
287488,50
287538,50
287588,50
287638,50
287688,50
287738,50
287788,50
287838,50
287888,50
287938,50
287988,50
288038,50
288088,50
288138,50
288188,50
288238,50
288288,50
288338,50
288388,50
288438,50
288488,50
288538,50
288588,50
288638,50
288688,50
288738,50
288788,50
288838,50
288888,50
288938,50
288988,50
289038,50
289088,50
289138,50
289188,50
289238,50
289288,50
289338,50
289388,50
289438,50
289488,50
289538,50
289588,50
289638,50
289688,50
289738,50
289788,50
289838,50
289888,50
289938,50
289988,50
290038,50
290088,50
290138,50
290188,50
290238,50
290288,50
290338,50
290388,50
290438,50
290488,50
290538,50
290588,50
290638,50
290688,50
290738,50
290788,50
290838,50
290888,50
290938,50
290988,50
291038,50
291088,50
291138,50
291188,50
291238,50
291288,50
291338,50
291388,50
291438,50
291488,50
291538,50
291588,50
291638,50
291688,50
291738,50
291788,50
291838,50
291888,50
291938,50
291988,50
292038,50
292088,50
292138,50
292188,50
292238,50
292288,50
292338,50
292388,50
292438,50
292488,50
292538,50
292588,50
292638,50
292688,50
292738,50
292788,50
292838,50
292888,50
292938,50
292988,50
293038,50
293088,50
293138,50
293188,50
293238,50
293288,50
293338,50
293388,50
293438,50
293488,50
293538,50
293588,50
293638,50
293688,50
293738,50
293788,50
293838,50
293888,50
293938,50
293988,50
294038,50
294088,50
294138,50
294188,50
294238,50
294288,50
294338,50
294388,50
294438,50
294488,50
294538,50
294588,50
294638,50
294688,50
294738,50
294788,50
294838,50
294888,50
294938,50
294988,50
295038,50
295088,50
295138,50
295188,50
295238,50
295288,50
295338,50
295388,50
295438,50
295488,50
295538,50
295588,50
295638,50
295688,50
295738,50
295788,50
295838,50
295888,50
295938,50
295988,50
296038,50
296088,50
296138,50
296188,50
296238,50
296288,50
296338,50
296388,50
296438,50
296488,50
296538,50
296588,50
296638,50
296688,50
296738,50
296788,50
296838,50
296888,50
296938,50
296988,50
297038,50
297088,50
297138,50
297188,50
297238,50
297288,50
297338,50
297388,50
297438,50
297488,50
297538,50
297588,50
297638,50
297688,50
297738,50
297788,50
297838,50
297888,50
297938,50
297988,50
298038,50
298088,50
298138,50
298188,50
298238,50
298288,50
298338,50
298388,50
298438,50
298488,50
298538,50
298588,50
298638,50
298688,50
298738,50
298788,50
298838,50
298888,50
298938,50
298988,50
299038,50
299088,50
299138,50
299188,50
299238,50
299288,50
299338,50
299388,50
299438,50
299488,50
299538,50
299588,50
299638,50
299688,50
299738,50
299788,50
299838,50
299888,50
299938,50
299988,50
300038,50
300088,50
300138,50
300188,50
300238,50
300288,50
300338,50
300388,50
300438,50
300488,50
300538,50
300588,50
300638,50
300688,50
300738,50
300788,50
300838,50
300888,50
300938,50
300988,50
301038,50
301088,50
301138,50
301188,50
301238,50
301288,50
301338,50
301388,50
301438,50
301488,50
301538,50
301588,50
301638,50
301688,50
301738,50
301788,50
301838,50
301888,50
301938,50
301988,50
302038,50
302088,50
302138,50
302188,50
302238,50
302288,50
302338,50
302388,50
302438,50
302488,50
302538,50
302588,50
302638,50
302688,50
302738,50
302788,50
302838,50
302888,50
302938,50
302988,50
303038,50
303088,50
303138,50
303188,50
303238,50
303288,50
303338,50
303388,50
303438,50
303488,50
303538,50
303588,50
303638,50
303688,50
303738,50
303788,50
303838,50
303888,50
303938,50
303988,50
304038,50
304088,50
304138,50
304188,50
304238,50
304288,50
304338,50
304388,50
304438,50
304488,50
304538,50
304588,50
304638,50
304688,50
304738,50
304788,50
304838,50
304888,50
304938,50
304988,50
305038,50
305088,50
305138,50
305188,50
305238,50
305288,50
305338,50
305388,50
305438,50
305488,50
305538,50
305588,50
305638,50
305688,50
305738,50
305788,50
305838,50
305888,50
305938,50
305988,50
306038,50
306088,50
306138,50
306188,50
306238,50
306288,50
306338,50
306388,50
306438,50
306488,50
306538,50
306588,50
306638,50
306688,50
306738,50
306788,50
306838,50
306888,50
306938,50
306988,50
307038,50
307088,50
307138,50
307188,50
307238,50
307288,50
307338,50
307388,50
307438,50
307488,50
307538,50
307588,50
307638,50
307688,50
307738,50
307788,50
307838,50
307888,50
307938,50
307988,50
308038,50
308088,50
308138,50
308188,50
308238,50
308288,50
308338,50
308388,50
308438,50
308488,50
308538,50
308588,50
308638,50
308688,50
308738,50
308788,50
308838,50
308888,50
308938,50
308988,50
309038,50
309088,50
309138,50
309188,50
309238,50
309288,50
309338,50
309388,50
309438,50
309488,50
309538,50
309588,50
309638,50
309688,50
309738,50
309788,50
309838,50
309888,50
309938,50
309988,50
310038,50
310088,50
310138,50
310188,50
310238,50
310288,50
310338,50
310388,50
310438,50
310488,50
310538,50
310588,50
310638,50
310688,50
310738,50
310788,50
310838,50
310888,50
310938,50
310988,50
311038,50
311088,50
311138,50
311188,50
311238,50
311288,50
311338,50
311388,50
311438,50
311488,50
311538,50
311588,50
311638,50
311688,50
311738,50
311788,50
311838,50
311888,50
311938,50
311988,50
312038,50
312088,50
312138,50
312188,50
312238,50
312288,50
312338,50
312388,50
312438,50
312488,50
312538,50
312588,50
312638,50
312688,50
312738,50
312788,50
312838,50
312888,50
312938,50
312988,50
313038,50
313088,50
313138,50
313188,50
313238,50
313288,50
313338,50
313388,50
313438,50
313488,50
313538,50
313588,50
313638,50
313688,50
313738,50
313788,50
313838,50
313888,50
313938,50
313988,50
314038,50
314088,50
314138,50
314188,50
314238,50
314288,50
314338,50
314388,50
314438,50
314488,50
314538,50
314588,50
314638,50
314688,50
314738,50
314788,50
314838,50
314888,50
314938,50
314988,50
315038,50
315088,50
315138,50
315188,50
315238,50
315288,50
315338,50
315388,50
315438,50
315488,50
315538,50
315588,50
315638,50
315688,50
315738,50
315788,50
315838,50
315888,50
315938,50
315988,50
316038,50
316088,50
316138,50
316188,50
316238,50
316288,50
316338,50
316388,50
316438,50
316488,50
316538,50
316588,50
316638,50
316688,50
316738,50
316788,50
316838,50
316888,50
316938,50
316988,50
317038,50
317088,50
317138,50
317188,50
317238,50
317288,50
317338,50
317388,50
317438,50
317488,50
317538,50
317588,50
317638,50
317688,50
317738,50
317788,50
317838,50
317888,50
317938,50
317988,50
318038,50
318088,50
318138,50
318188,50
318238,50
318288,50
318338,50
318388,50
318438,50
318488,50
318538,50
318588,50
318638,50
318688,50
318738,50
318788,50
318838,50
318888,50
318938,50
318988,50
319038,50
319088,50
319138,50
319188,50
319238,50
319288,50
319338,50
319388,50
319438,50
319488,50
319538,50
319588,50
319638,50
319688,50
319738,50
319788,50
319838,50
319888,50
319938,50
319988,50
320038,50
320088,50
320138,50
320188,50
320238,50
320288,50
320338,50
320388,50
320438,50
320488,50
320538,50
320588,50
320638,50
320688,50
320738,50
320788,50
320838,50
320888,50
320938,50
320988,50
321038,50
321088,50
321138,50
321188,50
321238,50
321288,50
321338,50
321388,50
321438,50
321488,50
321538,50
321588,50
321638,50
321688,50
321738,50
321788,50
321838,50
321888,50
321938,50
321988,50
322038,50
322088,50
322138,50
322188,50
322238,50
322288,50
322338,50
322388,50
322438,50
322488,50
322538,50
322588,50
322638,50
322688,50
322738,50
322788,50
322838,50
322888,50
322938,50
322988,50
323038,50
323088,50
323138,50
323188,50
323238,50
323288,50
323338,50
323388,50
323438,50
323488,50
323538,50
323588,50
323638,50
323688,50
323738,50
323788,50
323838,50
323888,50
323938,50
323988,50
324038,50
324088,50
324138,50
324188,50
324238,50
324288,50
324338,50
324388,50
324438,50
324488,50
324538,50
324588,50
324638,50
324688,50
324738,50
324788,50
324838,50
324888,50
324938,50
324988,50
325038,50
325088,50
325138,50
325188,50
325238,50
325288,50
325338,50
325388,50
325438,50
325488,50
325538,50
325588,50
325638,50
325688,50
325738,50
325788,50
325838,50
325888,50
325938,50
325988,50
326038,50
326088,50
326138,50
326188,50
326238,50
326288,50
326338,50
326388,50
326438,50
326488,50
326538,50
326588,50
326638,50
326688,50
326738,50
326788,50
326838,50
326888,50
326938,50
326988,50
327038,50
327088,50
327138,50
327188,50
327238,50
327288,50
327338,50
327388,50
327438,50
327488,50
327538,50
327588,50
327638,50
327688,50
327738,50
327788,50
327838,50
327888,50
327938,50
327988,50
328038,50
328088,50
328138,50
328188,50
328238,50
328288,50
328338,50
328388,50
328438,50
328488,50
328538,50
328588,50
328638,50
328688,50
328738,50
328788,50
328838,50
328888,50
328938,50
328988,50
329038,50
329088,50
329138,50
329188,50
329238,50
329288,50
329338,50
329388,50
329438,50
329488,50
329538,50
329588,50
329638,50
329688,50
329738,50
329788,50
329838,50
329888,50
329938,50
329988,50
330038,50
330088,50
330138,50
330188,50
330238,50
330288,50
330338,50
330388,50
330438,50
330488,50
330538,50
330588,50
330638,50
330688,50
330738,50
330788,50
330838,50
330888,50
330938,50
330988,50
331038,50
331088,50
331138,50
331188,50
331238,50
331288,50
331338,50
331388,50
331438,50
331488,50
331538,50
331588,50
331638,50
331688,50
331738,50
331788,50
331838,50
331888,50
331938,50
331988,50
332038,50
332088,50
332138,50
332188,50
332238,50
332288,50
332338,50
332388,50
332438,50
332488,50
332538,50
332588,50
332638,50
332688,50
332738,50
332788,50
332838,50
332888,50
332938,50
332988,50
333038,50
333088,50
333138,50
333188,50
333238,50
333288,50
333338,50
333388,50
333438,50
333488,50
333538,50
333588,50
333638,50
333688,50
333738,50
333788,50
333838,50
333888,50
333938,50
333988,50
334038,50
334088,50
334138,50
334188,50
334238,50
334288,50
334338,50
334388,50
334438,50
334488,50
334538,50
334588,50
334638,50
334688,50
334738,50
334788,50
334838,50
334888,50
334938,50
334988,50
335038,50
335088,50
335138,50
335188,50
335238,50
335288,50
335338,50
335388,50
335438,50
335488,50
335538,50
335588,50
335638,50
335688,50
335738,50
335788,50
335838,50
335888,50
335938,50
335988,50
336038,50
336088,50
336138,50
336188,50
336238,50
336288,50
336338,50
336388,50
336438,50
336488,50
336538,50
336588,50
336638,50
336688,50
336738,50
336788,50
336838,50
336888,50
336938,50
336988,50
337038,50
337088,50
337138,50
337188,50
337238,50
337288,50
337338,50
337388,50
337438,50
337488,50
337538,50
337588,50
337638,50
337688,50
337738,50
337788,50
337838,50
337888,50
337938,50
337988,50
338038,50
338088,50
338138,50
338188,50
338238,50
338288,50
338338,50
338388,50
338438,50
338488,50
338538,50
338588,50
338638,50
338688,50
338738,50
338788,50
338838,50
338888,50
338938,50
338988,50
339038,50
339088,50
339138,50
339188,50
339238,50
339288,50
339338,50
339388,50
339438,50
339488,50
339538,50
339588,50
339638,50
339688,50
339738,50
339788,50
339838,50
339888,50
339938,50
339988,50
340038,50
340088,50
340138,50
340188,50
340238,50
340288,50
340338,50
340388,50
340438,50
340488,50
340538,50
340588,50
340638,50
340688,50
340738,50
