340784,50
340834,50
340884,50
340934,50
340984,50
341034,50
341084,50
341134,50
341184,50
341234,50
341284,50
341334,50
341384,50
341434,50
341484,50
341534,50
341584,50
341634,50
341684,50
341734,50
341784,50
341834,50
341884,50
341934,50
341984,50
342034,50
342084,50
342134,50
342184,50
342234,50
342284,50
342334,50
342384,50
342434,50
342484,50
342534,50
342584,50
342634,50
342684,50
342734,50
342784,50
342834,50
342884,50
342934,50
342984,50
343034,50
343084,50
343134,50
343184,50
343234,50
343284,50
343334,50
343384,50
343434,50
343484,50
343534,50
343584,50
343634,50
343684,50
343734,50
343784,50
343834,50
343884,50
343934,50
343984,50
344034,50
344084,50
344134,50
344184,50
344234,50
344284,50
344334,50
344384,50
344434,50
344484,50
344534,50
344584,50
344634,50
344684,50
344734,50
344784,50
344834,50
344884,50
344934,50
344984,50
345034,50
345084,50
345134,50
345184,50
345234,50
345284,50
345334,50
345384,50
345434,50
345484,50
345534,50
345584,50
345634,50
345684,50
345734,50
345784,50
345834,50
345884,50
345934,50
345984,50
346034,50
346084,50
346134,50
346184,50
346234,50
346284,50
346334,50
346384,50
346434,50
346484,50
346534,50
346584,50
346634,50
346684,50
346734,50
346784,50
346834,50
346884,50
346934,50
346984,50
347034,50
347084,50
347134,50
347184,50
347234,50
347284,50
347334,50
347384,50
347434,50
347484,50
347534,50
347584,50
347634,50
347684,50
347734,50
347784,50
347834,50
347884,50
347934,50
347984,50
348034,50
348084,50
348134,50
348184,50
348234,50
348284,50
348334,50
348384,50
348434,50
348484,50
348534,50
348584,50
348634,50
348684,50
348734,50
348784,50
348834,50
348884,50
348934,50
348984,50
349034,50
349084,50
349134,50
349184,50
349234,50
349284,50
349334,50
349384,50
349434,50
349484,50
349534,50
349584,50
349634,50
349684,50
349734,50
349784,50
349834,50
349884,50
349934,50
349984,50
350034,50
350084,50
350134,50
350184,50
350234,50
350284,50
350334,50
350384,50
350434,50
350484,50
350534,50
350584,50
350634,50
350684,50
350734,50
350784,50
350834,50
350884,50
350934,50
350984,50
351034,50
351084,50
351134,50
351184,50
351234,50
351284,50
351334,50
351384,50
351434,50
351484,50
351534,50
351584,50
351634,50
351684,50
351734,50
351784,50
351834,50
351884,50
351934,50
351984,50
352034,50
352084,50
352134,50
352184,50
352234,50
352284,50
352334,50
352384,50
352434,50
352484,50
352534,50
352584,50
352634,50
352684,50
352734,50
352784,50
352834,50
352884,50
352934,50
352984,50
353034,50
353084,50
353134,50
353184,50
353234,50
353284,50
353334,50
353384,50
353434,50
353484,50
353534,50
353584,50
353634,50
353684,50
353734,50
353784,50
353834,50
353884,50
353934,50
353984,50
354034,50
354084,50
354134,50
354184,50
354234,50
354284,50
354334,50
354384,50
354434,50
354484,50
354534,50
354584,50
354634,50
354684,50
354734,50
354784,50
354834,50
354884,50
354934,50
354984,50
355034,50
355084,50
355134,50
355184,50
355234,50
355284,50
355334,50
355384,50
355434,50
355484,50
355534,50
355584,50
355634,50
355684,50
355734,50
355784,50
355834,50
355884,50
355934,50
355984,50
356034,50
356084,50
356134,50
356184,50
356234,50
356284,50
356334,50
356384,50
356434,50
356484,50
356534,50
356584,50
356634,50
356684,50
356734,50
356784,50
356834,50
356884,50
356934,50
356984,50
357034,50
357084,50
357134,50
357184,50
357234,50
357284,50
357334,50
357384,50
357434,50
357484,50
357534,50
357584,50
357634,50
357684,50
357734,50
357784,50
357834,50
357884,50
357934,50
357984,50
358034,50
358084,50
358134,50
358184,50
358234,50
358284,50
358334,50
358384,50
358434,50
358484,50
358534,50
358584,50
358634,50
358684,50
358734,50
358784,50
358834,50
358884,50
358934,50
358984,50
359034,50
359084,50
359134,50
359184,50
359234,50
359284,50
359334,50
359384,50
359434,50
359484,50
359534,50
359584,50
359634,50
359684,50
359734,50
359784,50
359834,50
359884,50
359934,50
359984,50
360034,50
360084,50
360134,50
360184,50
360234,50
360284,50
360334,50
360384,50
360434,50
360484,50
360534,50
360584,50
360634,50
360684,50
360734,50
360784,50
360834,50
360884,50
360934,50
360984,50
361034,50
361084,50
361134,50
361184,50
361234,50
361284,50
361334,50
361384,50
361434,50
361484,50
361534,50
361584,50
361634,50
361684,50
361734,50
361784,50
361834,50
361884,50
361934,50
361984,50
362034,50
362084,50
362134,50
362184,50
362234,50
362284,50
362334,50
362384,50
362434,50
362484,50
362534,50
362584,50
362634,50
362684,50
362734,50
362784,50
362834,50
362884,50
362934,50
362984,50
363034,50
363084,50
363134,50
363184,50
363234,50
363284,50
363334,50
363384,50
363434,50
363484,50
363534,50
363584,50
363634,50
363684,50
363734,50
363784,50
363834,50
363884,50
363934,50
363984,50
364034,50
364084,50
364134,50
364184,50
364234,50
364284,50
364334,50
364384,50
364434,50
364484,50
364534,50
364584,50
364634,50
364684,50
364734,50
364784,50
364834,50
364884,50
364934,50
364984,50
365034,50
365084,50
365134,50
365184,50
365234,50
365284,50
365334,50
365384,50
365434,50
365484,50
365534,50
365584,50
365634,50
365684,50
365734,50
365784,50
365834,50
365884,50
365934,50
365984,50
366034,50
366084,50
366134,50
366184,50
366234,50
366284,50
366334,50
366384,50
366434,50
366484,50
366534,50
366584,50
366634,50
366684,50
366734,50
366784,50
366834,50
366884,50
366934,50
366984,50
367034,50
367084,50
367134,50
367184,50
367234,50
367284,50
367334,50
367384,50
367434,50
367484,50
367534,50
367584,50
367634,50
367684,50
367734,50
367784,50
367834,50
367884,50
367934,50
367984,50
368034,50
368084,50
368134,50
368184,50
368234,50
368284,50
368334,50
368384,50
368434,50
368484,50
368534,50
368584,50
368634,50
368684,50
368734,50
368784,50
368834,50
368884,50
368934,50
368984,50
369034,50
369084,50
369134,50
369184,50
369234,50
369284,50
369334,50
369384,50
369434,50
369484,50
369534,50
369584,50
369634,50
369684,50
369734,50
369784,50
369834,50
369884,50
369934,50
369984,50
370034,50
370084,50
370134,50
370184,50
370234,50
370284,50
370334,50
370384,50
370434,50
370484,50
370534,50
370584,50
370634,50
370684,50
370734,50
370784,50
370834,50
370884,50
370934,50
370984,50
371034,50
371084,50
371134,50
371184,50
371234,50
371284,50
371334,50
371384,50
371434,50
371484,50
371534,50
371584,50
371634,50
371684,50
371734,50
371784,50
371834,50
371884,50
371934,50
371984,50
372034,50
372084,50
372134,50
372184,50
372234,50
372284,50
372334,50
372384,50
372434,50
372484,50
372534,50
372584,50
372634,50
372684,50
372734,50
372784,50
372834,50
372884,50
372934,50
372984,50
373034,50
373084,50
373134,50
373184,50
373234,50
373284,50
373334,50
373384,50
373434,50
373484,50
373534,50
373584,50
373634,50
373684,50
373734,50
373784,50
373834,50
373884,50
373934,50
373984,50
374034,50
374084,50
374134,50
374184,50
374234,50
374284,50
374334,50
374384,50
374434,50
374484,50
374534,50
374584,50
374634,50
374684,50
374734,50
374784,50
374834,50
374884,50
374934,50
374984,50
375034,50
375084,50
375134,50
375184,50
375234,50
375284,50
375334,50
375384,50
375434,50
375484,50
375534,50
375584,50
375634,50
375684,50
375734,50
375784,50
375834,50
375884,50
375934,50
375984,50
376034,50
376084,50
376134,50
376184,50
376234,50
376284,50
376334,50
376384,50
376434,50
376484,50
376534,50
376584,50
376634,50
376684,50
376734,50
376784,50
376834,50
376884,50
376934,50
376984,50
377034,50
377084,50
377134,50
377184,50
377234,50
377284,50
377334,50
377384,50
377434,50
377484,50
377534,50
377584,50
377634,50
377684,50
377734,50
377784,50
377834,50
377884,50
377934,50
377984,50
378034,50
378084,50
378134,50
378184,50
378234,50
378284,50
378334,50
378384,50
378434,50
378484,50
378534,50
378584,50
378634,50
378684,50
378734,50
378784,50
378834,50
378884,50
378934,50
378984,50
379034,50
379084,50
379134,50
379184,50
379234,50
379284,50
379334,50
379384,50
379434,50
379484,50
379534,50
379584,50
379634,50
379684,50
379734,50
379784,50
379834,50
379884,50
379934,50
379984,50
380034,50
380084,50
380134,50
380184,50
380234,50
380284,50
380334,50
380384,50
380434,50
380484,50
380534,50
380584,50
380634,50
380684,50
380734,50
380784,50
380834,50
380884,50
380934,50
380984,50
381034,50
381084,50
381134,50
381184,50
381234,50
381284,50
381334,50
381384,50
381434,50
381484,50
381534,50
381584,50
381634,50
381684,50
381734,50
381784,50
381834,50
381884,50
381934,50
381984,50
382034,50
382084,50
382134,50
382184,50
382234,50
382284,50
382334,50
382384,50
382434,50
382484,50
382534,50
382584,50
382634,50
382684,50
382734,50
382784,50
382834,50
382884,50
382934,50
382984,50
383034,50
383084,50
383134,50
383184,50
383234,50
383284,50
383334,50
383384,50
383434,50
383484,50
383534,50
383584,50
383634,50
383684,50
383734,50
383784,50
383834,50
383884,50
383934,50
383984,50
384034,50
384084,50
384134,50
384184,50
384234,50
384284,50
384334,50
384384,50
384434,50
384484,50
384534,50
384584,50
384634,50
384684,50
384734,50
384784,50
384834,50
384884,50
384934,50
384984,50
385034,50
385084,50
385134,50
385184,50
385234,50
385284,50
385334,50
385384,50
385434,50
385484,50
385534,50
385584,50
385634,50
385684,50
385734,50
385784,50
385834,50
385884,50
385934,50
385984,50
386034,50
386084,50
386134,50
386184,50
386234,50
386284,50
386334,50
386384,50
386434,50
386484,50
386534,50
386584,50
386634,50
386684,50
386734,50
386784,50
386834,50
386884,50
386934,50
386984,50
387034,50
387084,50
387134,50
387184,50
387234,50
387284,50
387334,50
387384,50
387434,50
387484,50
387534,50
387584,50
387634,50
387684,50
387734,50
387784,50
387834,50
387884,50
387934,50
387984,50
388034,50
388084,50
388134,50
388184,50
388234,50
388284,50
388334,50
388384,50
388434,50
388484,50
388534,50
388584,50
388634,50
388684,50
388734,50
388784,50
388834,50
388884,50
388934,50
388984,50
389034,50
389084,50
389134,50
389184,50
389234,50
389284,50
389334,50
389384,50
389434,50
389484,50
389534,50
389584,50
389634,50
389684,50
389734,50
389784,50
389834,50
389884,50
389934,50
389984,50
390034,50
390084,50
390134,50
390184,50
390234,50
390284,50
390334,50
390384,50
390434,50
390484,50
390534,50
390584,50
390634,50
390684,50
390734,50
390784,50
390834,50
390884,50
390934,50
390984,50
391034,50
391084,50
391134,50
391184,50
391234,50
391284,50
391334,50
391384,50
391434,50
391484,50
391534,50
391584,50
391634,50
391684,50
391734,50
391784,50
391834,50
391884,50
391934,50
391984,50
392034,50
392084,50
392134,50
392184,50
392234,50
392284,50
392334,50
392384,50
392434,50
392484,50
392534,50
392584,50
392634,50
392684,50
392734,50
392784,50
392834,50
392884,50
392934,50
392984,50
393034,50
393084,50
393134,50
393184,50
393234,50
393284,50
393334,50
393384,50
393434,50
393484,50
393534,50
393584,50
393634,50
393684,50
393734,50
393784,50
393834,50
393884,50
393934,50
393984,50
394034,50
394084,50
394134,50
394184,50
394234,50
394284,50
394334,50
394384,50
394434,50
394484,50
394534,50
394584,50
394634,50
394684,50
394734,50
394784,50
394834,50
394884,50
394934,50
394984,50
395034,50
395084,50
395134,50
395184,50
395234,50
395284,50
395334,50
395384,50
395434,50
395484,50
395534,50
395584,50
395634,50
395684,50
395734,50
395784,50
395834,50
395884,50
395934,50
395984,50
396034,50
396084,50
396134,50
396184,50
396234,50
396284,50
396334,50
396384,50
396434,50
396484,50
396534,50
396584,50
396634,50
396684,50
396734,50
396784,50
396834,50
396884,50
396934,50
396984,50
397034,50
397084,50
397134,50
397184,50
397234,50
397284,50
397334,50
397384,50
397434,50
397484,50
397534,50
397584,50
397634,50
397684,50
397734,50
397784,50
397834,50
397884,50
397934,50
397984,50
398034,50
398084,50
398134,50
398184,50
398234,50
398284,50
398334,50
398384,50
398434,50
398484,50
398534,50
398584,50
398634,50
398684,50
398734,50
398784,50
398834,50
398884,50
398934,50
398984,50
399034,50
399084,50
399134,50
399184,50
399234,50
399284,50
399334,50
399384,50
399434,50
399484,50
399534,50
399584,50
399634,50
399684,50
399734,50
399784,50
399834,50
399884,50
399934,50
399984,50
400034,50
400084,50
400134,50
400184,50
400234,50
400284,50
400334,50
400384,50
400434,50
400484,50
400534,50
400584,50
400634,50
400684,50
400734,50
400784,50
400834,50
400884,50
400934,50
400984,50
401034,50
401084,50
401134,50
401184,50
401234,50
401284,50
401334,50
401384,50
401434,50
401484,50
401534,50
401584,50
401634,50
401684,50
401734,50
401784,50
401834,50
401884,50
401934,50
401984,50
402034,50
402084,50
402134,50
402184,50
402234,50
402284,50
402334,50
402384,50
402434,50
402484,50
402534,50
402584,50
402634,50
402684,50
402734,50
402784,50
402834,50
402884,50
402934,50
402984,50
403034,50
403084,50
403134,50
403184,50
403234,50
403284,50
403334,50
403384,50
403434,50
403484,50
403534,50
403584,50
403634,50
403684,50
403734,50
403784,50
403834,50
403884,50
403934,50
403984,50
404034,50
404084,50
404134,50
404184,50
404234,50
404284,50
404334,50
404384,50
404434,50
404484,50
404534,50
404584,50
404634,50
404684,50
404734,50
404784,50
404834,50
404884,50
404934,50
404984,50
405034,50
405084,50
405134,50
405184,50
405234,50
405284,50
405334,50
405384,50
405434,50
405484,50
405534,50
405584,50
405634,50
405684,50
405734,50
405784,50
405834,50
405884,50
405934,50
405984,50
406034,50
406084,50
406134,50
406184,50
406234,50
406284,50
406334,50
406384,50
406434,50
406484,50
406534,50
406584,50
406634,50
406684,50
406734,50
406784,50
406834,50
406884,50
406934,50
406984,50
407034,50
407084,50
407134,50
407184,50
407234,50
407284,50
407334,50
407384,50
407434,50
407484,50
407534,50
407584,50
407634,50
407684,50
407734,50
407784,50
407834,50
407884,50
407934,50
407984,50
408034,50
408084,50
408134,50
408184,50
408234,50
408284,50
408334,50
408384,50
408434,50
408484,50
408534,50
408584,50
408634,50
408684,50
408734,50
408784,50
408834,50
408884,50
408934,50
408984,50
409034,50
409084,50
409134,50
409184,50
409234,50
409284,50
409334,50
409384,50
409434,50
409484,50
409534,50
409584,50
409634,50
409684,50
409734,50
409784,50
409834,50
409884,50
409934,50
409984,50
410034,50
410084,50
410134,50
410184,50
410234,50
410284,50
410334,50
410384,50
410434,50
410484,50
410534,50
410584,50
410634,50
410684,50
410734,50
410784,50
410834,50
410884,50
410934,50
410984,50
411034,50
411084,50
411134,50
411184,50
411234,50
411284,50
411334,50
411384,50
411434,50
411484,50
411534,50
411584,50
411634,50
411684,50
411734,50
411784,50
411834,50
411884,50
411934,50
411984,50
412034,50
412084,50
412134,50
412184,50
412234,50
412284,50
412334,50
412384,50
412434,50
412484,50
412534,50
412584,50
412634,50
412684,50
412734,50
412784,50
412834,50
412884,50
412934,50
412984,50
413034,50
413084,50
413134,50
413184,50
413234,50
413284,50
413334,50
413384,50
413434,50
413484,50
413534,50
413584,50
413634,50
413684,50
413734,50
413784,50
413834,50
413884,50
413934,50
413984,50
414034,50
414084,50
414134,50
414184,50
414234,50
414284,50
414334,50
414384,50
414434,50
414484,50
414534,50
414584,50
414634,50
414684,50
414734,50
414784,50
414834,50
414884,50
414934,50
414984,50
415034,50
415084,50
415134,50
415184,50
415234,50
415284,50
415334,50
415384,50
415434,50
415484,50
415534,50
415584,50
415634,50
415684,50
415734,50
415784,50
415834,50
415884,50
415934,50
415984,50
416034,50
416084,50
416134,50
416184,50
416234,50
416284,50
416334,50
416384,50
416434,50
416484,50
416534,50
416584,50
416634,50
416684,50
416734,50
416784,50
416834,50
416884,50
416934,50
416984,50
417034,50
417084,50
417134,50
417184,50
417234,50
417284,50
417334,50
417384,50
417434,50
417484,50
417534,50
417584,50
417634,50
417684,50
417734,50
417784,50
417834,50
417884,50
417934,50
417984,50
418034,50
418084,50
418134,50
418184,50
418234,50
418284,50
418334,50
418384,50
418434,50
418484,50
418534,50
418584,50
418634,50
418684,50
418734,50
418784,50
418834,50
418884,50
418934,50
418984,50
419034,50
419084,50
419134,50
419184,50
419234,50
419284,50
419334,50
419384,50
419434,50
419484,50
419534,50
419584,50
419634,50
419684,50
419734,50
419784,50
419834,50
419884,50
419934,50
419984,50
420034,50
420084,50
420134,50
420184,50
420234,50
420284,50
420334,50
420384,50
420434,50
420484,50
420534,50
420584,50
420634,50
420684,50
420734,50
420784,50
420834,50
420884,50
420934,50
420984,50
421034,50
421084,50
421134,50
421184,50
421234,50
421284,50
421334,50
421384,50
421434,50
421484,50
421534,50
421584,50
421634,50
421684,50
421734,50
421784,50
421834,50
421884,50
421934,50
421984,50
422034,50
422084,50
422134,50
422184,50
422234,50
422284,50
422334,50
422384,50
422434,50
422484,50
422534,50
422584,50
422634,50
422684,50
422734,50
422784,50
422834,50
422884,50
422934,50
422984,50
423034,50
423084,50
423134,50
423184,50
423234,50
423284,50
423334,50
423384,50
423434,50
423484,50
423534,50
423584,50
423634,50
423684,50
423734,50
423784,50
423834,50
423884,50
423934,50
423984,50
424034,50
424084,50
424134,50
424184,50
424234,50
424284,50
424334,50
424384,50
424434,50
424484,50
424534,50
424584,50
424634,50
424684,50
424734,50
424784,50
424834,50
424884,50
424934,50
424984,50
425034,50
425084,50
425134,50
425184,50
425234,50
425284,50
425334,50
425384,50
425434,50
425484,50
425534,50
425584,50
425634,50
425684,50
425734,50
425784,50
425834,50
425884,50
425934,50
