681568,50
681618,50
681668,50
681718,50
681768,50
681818,50
681868,50
681918,50
681968,50
682018,50
682068,50
682118,50
682168,50
682218,50
682268,50
682318,50
682368,50
682418,50
682468,50
682518,50
682568,50
682618,50
682668,50
682718,50
682768,50
682818,50
682868,50
682918,50
682968,50
683018,50
683068,50
683118,50
683168,50
683218,50
683268,50
683318,50
683368,50
683418,50
683468,50
683518,50
683568,50
683618,50
683668,50
683718,50
683768,50
683818,50
683868,50
683918,50
683968,50
684018,50
684068,50
684118,50
684168,50
684218,50
684268,50
684318,50
684368,50
684418,50
684468,50
684518,50
684568,50
684618,50
684668,50
684718,50
684768,50
684818,50
684868,50
684918,50
684968,50
685018,50
685068,50
685118,50
685168,50
685218,50
685268,50
685318,50
685368,50
685418,50
685468,50
685518,50
685568,50
685618,50
685668,50
685718,50
685768,50
685818,50
685868,50
685918,50
685968,50
686018,50
686068,50
686118,50
686168,50
686218,50
686268,50
686318,50
686368,50
686418,50
686468,50
686518,50
686568,50
686618,50
686668,50
686718,50
686768,50
686818,50
686868,50
686918,50
686968,50
687018,50
687068,50
687118,50
687168,50
687218,50
687268,50
687318,50
687368,50
687418,50
687468,50
687518,50
687568,50
687618,50
687668,50
687718,50
687768,50
687818,50
687868,50
687918,50
687968,50
688018,50
688068,50
688118,50
688168,50
688218,50
688268,50
688318,50
688368,50
688418,50
688468,50
688518,50
688568,50
688618,50
688668,50
688718,50
688768,50
688818,50
688868,50
688918,50
688968,50
689018,50
689068,50
689118,50
689168,50
689218,50
689268,50
689318,50
689368,50
689418,50
689468,50
689518,50
689568,50
689618,50
689668,50
689718,50
689768,50
689818,50
689868,50
689918,50
689968,50
690018,50
690068,50
690118,50
690168,50
690218,50
690268,50
690318,50
690368,50
690418,50
690468,50
690518,50
690568,50
690618,50
690668,50
690718,50
690768,50
690818,50
690868,50
690918,50
690968,50
691018,50
691068,50
691118,50
691168,50
691218,50
691268,50
691318,50
691368,50
691418,50
691468,50
691518,50
691568,50
691618,50
691668,50
691718,50
691768,50
691818,50
691868,50
691918,50
691968,50
692018,50
692068,50
692118,50
692168,50
692218,50
692268,50
692318,50
692368,50
692418,50
692468,50
692518,50
692568,50
692618,50
692668,50
692718,50
692768,50
692818,50
692868,50
692918,50
692968,50
693018,50
693068,50
693118,50
693168,50
693218,50
693268,50
693318,50
693368,50
693418,50
693468,50
693518,50
693568,50
693618,50
693668,50
693718,50
693768,50
693818,50
693868,50
693918,50
693968,50
694018,50
694068,50
694118,50
694168,50
694218,50
694268,50
694318,50
694368,50
694418,50
694468,50
694518,50
694568,50
694618,50
694668,50
694718,50
694768,50
694818,50
694868,50
694918,50
694968,50
695018,50
695068,50
695118,50
695168,50
695218,50
695268,50
695318,50
695368,50
695418,50
695468,50
695518,50
695568,50
695618,50
695668,50
695718,50
695768,50
695818,50
695868,50
695918,50
695968,50
696018,50
696068,50
696118,50
696168,50
696218,50
696268,50
696318,50
696368,50
696418,50
696468,50
696518,50
696568,50
696618,50
696668,50
696718,50
696768,50
696818,50
696868,50
696918,50
696968,50
697018,50
697068,50
697118,50
697168,50
697218,50
697268,50
697318,50
697368,50
697418,50
697468,50
697518,50
697568,50
697618,50
697668,50
697718,50
697768,50
697818,50
697868,50
697918,50
697968,50
698018,50
698068,50
698118,50
698168,50
698218,50
698268,50
698318,50
698368,50
698418,50
698468,50
698518,50
698568,50
698618,50
698668,50
698718,50
698768,50
698818,50
698868,50
698918,50
698968,50
699018,50
699068,50
699118,50
699168,50
699218,50
699268,50
699318,50
699368,50
699418,50
699468,50
699518,50
699568,50
699618,50
699668,50
699718,50
699768,50
699818,50
699868,50
699918,50
699968,50
700018,50
700068,50
700118,50
700168,50
700218,50
700268,50
700318,50
700368,50
700418,50
700468,50
700518,50
700568,50
700618,50
700668,50
700718,50
700768,50
700818,50
700868,50
700918,50
700968,50
701018,50
701068,50
701118,50
701168,50
701218,50
701268,50
701318,50
701368,50
701418,50
701468,50
701518,50
701568,50
701618,50
701668,50
701718,50
701768,50
701818,50
701868,50
701918,50
701968,50
702018,50
702068,50
702118,50
702168,50
702218,50
702268,50
702318,50
702368,50
702418,50
702468,50
702518,50
702568,50
702618,50
702668,50
702718,50
702768,50
702818,50
702868,50
702918,50
702968,50
703018,50
703068,50
703118,50
703168,50
703218,50
703268,50
703318,50
703368,50
703418,50
703468,50
703518,50
703568,50
703618,50
703668,50
703718,50
703768,50
703818,50
703868,50
703918,50
703968,50
704018,50
704068,50
704118,50
704168,50
704218,50
704268,50
704318,50
704368,50
704418,50
704468,50
704518,50
704568,50
704618,50
704668,50
704718,50
704768,50
704818,50
704868,50
704918,50
704968,50
705018,50
705068,50
705118,50
705168,50
705218,50
705268,50
705318,50
705368,50
705418,50
705468,50
705518,50
705568,50
705618,50
705668,50
705718,50
705768,50
705818,50
705868,50
705918,50
705968,50
706018,50
706068,50
706118,50
706168,50
706218,50
706268,50
706318,50
706368,50
706418,50
706468,50
706518,50
706568,50
706618,50
706668,50
706718,50
706768,50
706818,50
706868,50
706918,50
706968,50
707018,50
707068,50
707118,50
707168,50
707218,50
707268,50
707318,50
707368,50
707418,50
707468,50
707518,50
707568,50
707618,50
707668,50
707718,50
707768,50
707818,50
707868,50
707918,50
707968,50
708018,50
708068,50
708118,50
708168,50
708218,50
708268,50
708318,50
708368,50
708418,50
708468,50
708518,50
708568,50
708618,50
708668,50
708718,50
708768,50
708818,50
708868,50
708918,50
708968,50
709018,50
709068,50
709118,50
709168,50
709218,50
709268,50
709318,50
709368,50
709418,50
709468,50
709518,50
709568,50
709618,50
709668,50
709718,50
709768,50
709818,50
709868,50
709918,50
709968,50
710018,50
710068,50
710118,50
710168,50
710218,50
710268,50
710318,50
710368,50
710418,50
710468,50
710518,50
710568,50
710618,50
710668,50
710718,50
710768,50
710818,50
710868,50
710918,50
710968,50
711018,50
711068,50
711118,50
711168,50
711218,50
711268,50
711318,50
711368,50
711418,50
711468,50
711518,50
711568,50
711618,50
711668,50
711718,50
711768,50
711818,50
711868,50
711918,50
711968,50
712018,50
712068,50
712118,50
712168,50
712218,50
712268,50
712318,50
712368,50
712418,50
712468,50
712518,50
712568,50
712618,50
712668,50
712718,50
712768,50
712818,50
712868,50
712918,50
712968,50
713018,50
713068,50
713118,50
713168,50
713218,50
713268,50
713318,50
713368,50
713418,50
713468,50
713518,50
713568,50
713618,50
713668,50
713718,50
713768,50
713818,50
713868,50
713918,50
713968,50
714018,50
714068,50
714118,50
714168,50
714218,50
714268,50
714318,50
714368,50
714418,50
714468,50
714518,50
714568,50
714618,50
714668,50
714718,50
714768,50
714818,50
714868,50
714918,50
714968,50
715018,50
715068,50
715118,50
715168,50
715218,50
715268,50
715318,50
715368,50
715418,50
715468,50
715518,50
715568,50
715618,50
715668,50
715718,50
715768,50
715818,50
715868,50
715918,50
715968,50
716018,50
716068,50
716118,50
716168,50
716218,50
716268,50
716318,50
716368,50
716418,50
716468,50
716518,50
716568,50
716618,50
716668,50
716718,50
716768,50
716818,50
716868,50
716918,50
716968,50
717018,50
717068,50
717118,50
717168,50
717218,50
717268,50
717318,50
717368,50
717418,50
717468,50
717518,50
717568,50
717618,50
717668,50
717718,50
717768,50
717818,50
717868,50
717918,50
717968,50
718018,50
718068,50
718118,50
718168,50
718218,50
718268,50
718318,50
718368,50
718418,50
718468,50
718518,50
718568,50
718618,50
718668,50
718718,50
718768,50
718818,50
718868,50
718918,50
718968,50
719018,50
719068,50
719118,50
719168,50
719218,50
719268,50
719318,50
719368,50
719418,50
719468,50
719518,50
719568,50
719618,50
719668,50
719718,50
719768,50
719818,50
719868,50
719918,50
719968,50
720018,50
720068,50
720118,50
720168,50
720218,50
720268,50
720318,50
720368,50
720418,50
720468,50
720518,50
720568,50
720618,50
720668,50
720718,50
720768,50
720818,50
720868,50
720918,50
720968,50
721018,50
721068,50
721118,50
721168,50
721218,50
721268,50
721318,50
721368,50
721418,50
721468,50
721518,50
721568,50
721618,50
721668,50
721718,50
721768,50
721818,50
721868,50
721918,50
721968,50
722018,50
722068,50
722118,50
722168,50
722218,50
722268,50
722318,50
722368,50
722418,50
722468,50
722518,50
722568,50
722618,50
722668,50
722718,50
722768,50
722818,50
722868,50
722918,50
722968,50
723018,50
723068,50
723118,50
723168,50
723218,50
723268,50
723318,50
723368,50
723418,50
723468,50
723518,50
723568,50
723618,50
723668,50
723718,50
723768,50
723818,50
723868,50
723918,50
723968,50
724018,50
724068,50
724118,50
724168,50
724218,50
724268,50
724318,50
724368,50
724418,50
724468,50
724518,50
724568,50
724618,50
724668,50
724718,50
724768,50
724818,50
724868,50
724918,50
724968,50
725018,50
725068,50
725118,50
725168,50
725218,50
725268,50
725318,50
725368,50
725418,50
725468,50
725518,50
725568,50
725618,50
725668,50
725718,50
725768,50
725818,50
725868,50
725918,50
725968,50
726018,50
726068,50
726118,50
726168,50
726218,50
726268,50
726318,50
726368,50
726418,50
726468,50
726518,50
726568,50
726618,50
726668,50
726718,50
726768,50
726818,50
726868,50
726918,50
726968,50
727018,50
727068,50
727118,50
727168,50
727218,50
727268,50
727318,50
727368,50
727418,50
727468,50
727518,50
727568,50
727618,50
727668,50
727718,50
727768,50
727818,50
727868,50
727918,50
727968,50
728018,50
728068,50
728118,50
728168,50
728218,50
728268,50
728318,50
728368,50
728418,50
728468,50
728518,50
728568,50
728618,50
728668,50
728718,50
728768,50
728818,50
728868,50
728918,50
728968,50
729018,50
729068,50
729118,50
729168,50
729218,50
729268,50
729318,50
729368,50
729418,50
729468,50
729518,50
729568,50
729618,50
729668,50
729718,50
729768,50
729818,50
729868,50
729918,50
729968,50
730018,50
730068,50
730118,50
730168,50
730218,50
730268,50
730318,50
730368,50
730418,50
730468,50
730518,50
730568,50
730618,50
730668,50
730718,50
730768,50
730818,50
730868,50
730918,50
730968,50
731018,50
731068,50
731118,50
731168,50
731218,50
731268,50
731318,50
731368,50
731418,50
731468,50
731518,50
731568,50
731618,50
731668,50
731718,50
731768,50
731818,50
731868,50
731918,50
731968,50
732018,50
732068,50
732118,50
732168,50
732218,50
732268,50
732318,50
732368,50
732418,50
732468,50
732518,50
732568,50
732618,50
732668,50
732718,50
732768,50
732818,50
732868,50
732918,50
732968,50
733018,50
733068,50
733118,50
733168,50
733218,50
733268,50
733318,50
733368,50
733418,50
733468,50
733518,50
733568,50
733618,50
733668,50
733718,50
733768,50
733818,50
733868,50
733918,50
733968,50
734018,50
734068,50
734118,50
734168,50
734218,50
734268,50
734318,50
734368,50
734418,50
734468,50
734518,50
734568,50
734618,50
734668,50
734718,50
734768,50
734818,50
734868,50
734918,50
734968,50
735018,50
735068,50
735118,50
735168,50
735218,50
735268,50
735318,50
735368,50
735418,50
735468,50
735518,50
735568,50
735618,50
735668,50
735718,50
735768,50
735818,50
735868,50
735918,50
735968,50
736018,50
736068,50
736118,50
736168,50
736218,50
736268,50
736318,50
736368,50
736418,50
736468,50
736518,50
736568,50
736618,50
736668,50
736718,50
736768,50
736818,50
736868,50
736918,50
736968,50
737018,50
737068,50
737118,50
737168,50
737218,50
737268,50
737318,50
737368,50
737418,50
737468,50
737518,50
737568,50
737618,50
737668,50
737718,50
737768,50
737818,50
737868,50
737918,50
737968,50
738018,50
738068,50
738118,50
738168,50
738218,50
738268,50
738318,50
738368,50
738418,50
738468,50
738518,50
738568,50
738618,50
738668,50
738718,50
738768,50
738818,50
738868,50
738918,50
738968,50
739018,50
739068,50
739118,50
739168,50
739218,50
739268,50
739318,50
739368,50
739418,50
739468,50
739518,50
739568,50
739618,50
739668,50
739718,50
739768,50
739818,50
739868,50
739918,50
739968,50
740018,50
740068,50
740118,50
740168,50
740218,50
740268,50
740318,50
740368,50
740418,50
740468,50
740518,50
740568,50
740618,50
740668,50
740718,50
740768,50
740818,50
740868,50
740918,50
740968,50
741018,50
741068,50
741118,50
741168,50
741218,50
741268,50
741318,50
741368,50
741418,50
741468,50
741518,50
741568,50
741618,50
741668,50
741718,50
741768,50
741818,50
741868,50
741918,50
741968,50
742018,50
742068,50
742118,50
742168,50
742218,50
742268,50
742318,50
742368,50
742418,50
742468,50
742518,50
742568,50
742618,50
742668,50
742718,50
742768,50
742818,50
742868,50
742918,50
742968,50
743018,50
743068,50
743118,50
743168,50
743218,50
743268,50
743318,50
743368,50
743418,50
743468,50
743518,50
743568,50
743618,50
743668,50
743718,50
743768,50
743818,50
743868,50
743918,50
743968,50
744018,50
744068,50
744118,50
744168,50
744218,50
744268,50
744318,50
744368,50
744418,50
744468,50
744518,50
744568,50
744618,50
744668,50
744718,50
744768,50
744818,50
744868,50
744918,50
744968,50
745018,50
745068,50
745118,50
745168,50
745218,50
745268,50
745318,50
745368,50
745418,50
745468,50
745518,50
745568,50
745618,50
745668,50
745718,50
745768,50
745818,50
745868,50
745918,50
745968,50
746018,50
746068,50
746118,50
746168,50
746218,50
746268,50
746318,50
746368,50
746418,50
746468,50
746518,50
746568,50
746618,50
746668,50
746718,50
746768,50
746818,50
746868,50
746918,50
746968,50
747018,50
747068,50
747118,50
747168,50
747218,50
747268,50
747318,50
747368,50
747418,50
747468,50
747518,50
747568,50
747618,50
747668,50
747718,50
747768,50
747818,50
747868,50
747918,50
747968,50
748018,50
748068,50
748118,50
748168,50
748218,50
748268,50
748318,50
748368,50
748418,50
748468,50
748518,50
748568,50
748618,50
748668,50
748718,50
748768,50
748818,50
748868,50
748918,50
748968,50
749018,50
749068,50
749118,50
749168,50
749218,50
749268,50
749318,50
749368,50
749418,50
749468,50
749518,50
749568,50
749618,50
749668,50
749718,50
749768,50
749818,50
749868,50
749918,50
749968,50
750018,50
750068,50
750118,50
750168,50
750218,50
750268,50
750318,50
750368,50
750418,50
750468,50
750518,50
750568,50
750618,50
750668,50
750718,50
750768,50
750818,50
750868,50
750918,50
750968,50
751018,50
751068,50
751118,50
751168,50
751218,50
751268,50
751318,50
751368,50
751418,50
751468,50
751518,50
751568,50
751618,50
751668,50
751718,50
751768,50
751818,50
751868,50
751918,50
751968,50
752018,50
752068,50
752118,50
752168,50
752218,50
752268,50
752318,50
752368,50
752418,50
752468,50
752518,50
752568,50
752618,50
752668,50
752718,50
752768,50
752818,50
752868,50
752918,50
752968,50
753018,50
753068,50
753118,50
753168,50
753218,50
753268,50
753318,50
753368,50
753418,50
753468,50
753518,50
753568,50
753618,50
753668,50
753718,50
753768,50
753818,50
753868,50
753918,50
753968,50
754018,50
754068,50
754118,50
754168,50
754218,50
754268,50
754318,50
754368,50
754418,50
754468,50
754518,50
754568,50
754618,50
754668,50
754718,50
754768,50
754818,50
754868,50
754918,50
754968,50
755018,50
755068,50
755118,50
755168,50
755218,50
755268,50
755318,50
755368,50
755418,50
755468,50
755518,50
755568,50
755618,50
755668,50
755718,50
755768,50
755818,50
755868,50
755918,50
755968,50
756018,50
756068,50
756118,50
756168,50
756218,50
756268,50
756318,50
756368,50
756418,50
756468,50
756518,50
756568,50
756618,50
756668,50
756718,50
756768,50
756818,50
756868,50
756918,50
756968,50
757018,50
757068,50
757118,50
757168,50
757218,50
757268,50
757318,50
757368,50
757418,50
757468,50
757518,50
757568,50
757618,50
757668,50
757718,50
757768,50
757818,50
757868,50
757918,50
757968,50
758018,50
758068,50
758118,50
758168,50
758218,50
758268,50
758318,50
758368,50
758418,50
758468,50
758518,50
758568,50
758618,50
758668,50
758718,50
758768,50
758818,50
758868,50
758918,50
758968,50
759018,50
759068,50
759118,50
759168,50
759218,50
759268,50
759318,50
759368,50
759418,50
759468,50
759518,50
759568,50
759618,50
759668,50
759718,50
759768,50
759818,50
759868,50
759918,50
759968,50
760018,50
760068,50
760118,50
760168,50
760218,50
760268,50
760318,50
760368,50
760418,50
760468,50
760518,50
760568,50
760618,50
760668,50
760718,50
760768,50
760818,50
760868,50
760918,50
760968,50
761018,50
761068,50
761118,50
761168,50
761218,50
761268,50
761318,50
761368,50
761418,50
761468,50
761518,50
761568,50
761618,50
761668,50
761718,50
761768,50
761818,50
761868,50
761918,50
761968,50
762018,50
762068,50
762118,50
762168,50
762218,50
762268,50
762318,50
762368,50
762418,50
762468,50
762518,50
762568,50
762618,50
762668,50
762718,50
762768,50
762818,50
762868,50
762918,50
762968,50
763018,50
763068,50
763118,50
763168,50
763218,50
763268,50
763318,50
763368,50
763418,50
763468,50
763518,50
763568,50
763618,50
763668,50
763718,50
763768,50
763818,50
763868,50
763918,50
763968,50
764018,50
764068,50
764118,50
764168,50
764218,50
764268,50
764318,50
764368,50
764418,50
764468,50
764518,50
764568,50
764618,50
764668,50
764718,50
764768,50
764818,50
764868,50
764918,50
764968,50
765018,50
765068,50
765118,50
765168,50
765218,50
765268,50
765318,50
765368,50
765418,50
765468,50
765518,50
765568,50
765618,50
765668,50
765718,50
765768,50
765818,50
765868,50
765918,50
765968,50
766018,50
766068,50
766118,50
766168,50
766218,50
766268,50
766318,50
766368,50
766418,50
766468,50
766518,50
766568,50
766618,50
766668,50
766718,50
