170392,50
170442,50
170492,50
170542,50
170592,50
170642,50
170692,50
170742,50
170792,50
170842,50
170892,50
170942,50
170992,50
171042,50
171092,50
171142,50
171192,50
171242,50
171292,50
171342,50
171392,50
171442,50
171492,50
171542,50
171592,50
171642,50
171692,50
171742,50
171792,50
171842,50
171892,50
171942,50
171992,50
172042,50
172092,50
172142,50
172192,50
172242,50
172292,50
172342,50
172392,50
172442,50
172492,50
172542,50
172592,50
172642,50
172692,50
172742,50
172792,50
172842,50
172892,50
172942,50
172992,50
173042,50
173092,50
173142,50
173192,50
173242,50
173292,50
173342,50
173392,50
173442,50
173492,50
173542,50
173592,50
173642,50
173692,50
173742,50
173792,50
173842,50
173892,50
173942,50
173992,50
174042,50
174092,50
174142,50
174192,50
174242,50
174292,50
174342,50
174392,50
174442,50
174492,50
174542,50
174592,50
174642,50
174692,50
174742,50
174792,50
174842,50
174892,50
174942,50
174992,50
175042,50
175092,50
175142,50
175192,50
175242,50
175292,50
175342,50
175392,50
175442,50
175492,50
175542,50
175592,50
175642,50
175692,50
175742,50
175792,50
175842,50
175892,50
175942,50
175992,50
176042,50
176092,50
176142,50
176192,50
176242,50
176292,50
176342,50
176392,50
176442,50
176492,50
176542,50
176592,50
176642,50
176692,50
176742,50
176792,50
176842,50
176892,50
176942,50
176992,50
177042,50
177092,50
177142,50
177192,50
177242,50
177292,50
177342,50
177392,50
177442,50
177492,50
177542,50
177592,50
177642,50
177692,50
177742,50
177792,50
177842,50
177892,50
177942,50
177992,50
178042,50
178092,50
178142,50
178192,50
178242,50
178292,50
178342,50
178392,50
178442,50
178492,50
178542,50
178592,50
178642,50
178692,50
178742,50
178792,50
178842,50
178892,50
178942,50
178992,50
179042,50
179092,50
179142,50
179192,50
179242,50
179292,50
179342,50
179392,50
179442,50
179492,50
179542,50
179592,50
179642,50
179692,50
179742,50
179792,50
179842,50
179892,50
179942,50
179992,50
180042,50
180092,50
180142,50
180192,50
180242,50
180292,50
180342,50
180392,50
180442,50
180492,50
180542,50
180592,50
180642,50
180692,50
180742,50
180792,50
180842,50
180892,50
180942,50
180992,50
181042,50
181092,50
181142,50
181192,50
181242,50
181292,50
181342,50
181392,50
181442,50
181492,50
181542,50
181592,50
181642,50
181692,50
181742,50
181792,50
181842,50
181892,50
181942,50
181992,50
182042,50
182092,50
182142,50
182192,50
182242,50
182292,50
182342,50
182392,50
182442,50
182492,50
182542,50
182592,50
182642,50
182692,50
182742,50
182792,50
182842,50
182892,50
182942,50
182992,50
183042,50
183092,50
183142,50
183192,50
183242,50
183292,50
183342,50
183392,50
183442,50
183492,50
183542,50
183592,50
183642,50
183692,50
183742,50
183792,50
183842,50
183892,50
183942,50
183992,50
184042,50
184092,50
184142,50
184192,50
184242,50
184292,50
184342,50
184392,50
184442,50
184492,50
184542,50
184592,50
184642,50
184692,50
184742,50
184792,50
184842,50
184892,50
184942,50
184992,50
185042,50
185092,50
185142,50
185192,50
185242,50
185292,50
185342,50
185392,50
185442,50
185492,50
185542,50
185592,50
185642,50
185692,50
185742,50
185792,50
185842,50
185892,50
185942,50
185992,50
186042,50
186092,50
186142,50
186192,50
186242,50
186292,50
186342,50
186392,50
186442,50
186492,50
186542,50
186592,50
186642,50
186692,50
186742,50
186792,50
186842,50
186892,50
186942,50
186992,50
187042,50
187092,50
187142,50
187192,50
187242,50
187292,50
187342,50
187392,50
187442,50
187492,50
187542,50
187592,50
187642,50
187692,50
187742,50
187792,50
187842,50
187892,50
187942,50
187992,50
188042,50
188092,50
188142,50
188192,50
188242,50
188292,50
188342,50
188392,50
188442,50
188492,50
188542,50
188592,50
188642,50
188692,50
188742,50
188792,50
188842,50
188892,50
188942,50
188992,50
189042,50
189092,50
189142,50
189192,50
189242,50
189292,50
189342,50
189392,50
189442,50
189492,50
189542,50
189592,50
189642,50
189692,50
189742,50
189792,50
189842,50
189892,50
189942,50
189992,50
190042,50
190092,50
190142,50
190192,50
190242,50
190292,50
190342,50
190392,50
190442,50
190492,50
190542,50
190592,50
190642,50
190692,50
190742,50
190792,50
190842,50
190892,50
190942,50
190992,50
191042,50
191092,50
191142,50
191192,50
191242,50
191292,50
191342,50
191392,50
191442,50
191492,50
191542,50
191592,50
191642,50
191692,50
191742,50
191792,50
191842,50
191892,50
191942,50
191992,50
192042,50
192092,50
192142,50
192192,50
192242,50
192292,50
192342,50
192392,50
192442,50
192492,50
192542,50
192592,50
192642,50
192692,50
192742,50
192792,50
192842,50
192892,50
192942,50
192992,50
193042,50
193092,50
193142,50
193192,50
193242,50
193292,50
193342,50
193392,50
193442,50
193492,50
193542,50
193592,50
193642,50
193692,50
193742,50
193792,50
193842,50
193892,50
193942,50
193992,50
194042,50
194092,50
194142,50
194192,50
194242,50
194292,50
194342,50
194392,50
194442,50
194492,50
194542,50
194592,50
194642,50
194692,50
194742,50
194792,50
194842,50
194892,50
194942,50
194992,50
195042,50
195092,50
195142,50
195192,50
195242,50
195292,50
195342,50
195392,50
195442,50
195492,50
195542,50
195592,50
195642,50
195692,50
195742,50
195792,50
195842,50
195892,50
195942,50
195992,50
196042,50
196092,50
196142,50
196192,50
196242,50
196292,50
196342,50
196392,50
196442,50
196492,50
196542,50
196592,50
196642,50
196692,50
196742,50
196792,50
196842,50
196892,50
196942,50
196992,50
197042,50
197092,50
197142,50
197192,50
197242,50
197292,50
197342,50
197392,50
197442,50
197492,50
197542,50
197592,50
197642,50
197692,50
197742,50
197792,50
197842,50
197892,50
197942,50
197992,50
198042,50
198092,50
198142,50
198192,50
198242,50
198292,50
198342,50
198392,50
198442,50
198492,50
198542,50
198592,50
198642,50
198692,50
198742,50
198792,50
198842,50
198892,50
198942,50
198992,50
199042,50
199092,50
199142,50
199192,50
199242,50
199292,50
199342,50
199392,50
199442,50
199492,50
199542,50
199592,50
199642,50
199692,50
199742,50
199792,50
199842,50
199892,50
199942,50
199992,50
200042,50
200092,50
200142,50
200192,50
200242,50
200292,50
200342,50
200392,50
200442,50
200492,50
200542,50
200592,50
200642,50
200692,50
200742,50
200792,50
200842,50
200892,50
200942,50
200992,50
201042,50
201092,50
201142,50
201192,50
201242,50
201292,50
201342,50
201392,50
201442,50
201492,50
201542,50
201592,50
201642,50
201692,50
201742,50
201792,50
201842,50
201892,50
201942,50
201992,50
202042,50
202092,50
202142,50
202192,50
202242,50
202292,50
202342,50
202392,50
202442,50
202492,50
202542,50
202592,50
202642,50
202692,50
202742,50
202792,50
202842,50
202892,50
202942,50
202992,50
203042,50
203092,50
203142,50
203192,50
203242,50
203292,50
203342,50
203392,50
203442,50
203492,50
203542,50
203592,50
203642,50
203692,50
203742,50
203792,50
203842,50
203892,50
203942,50
203992,50
204042,50
204092,50
204142,50
204192,50
204242,50
204292,50
204342,50
204392,50
204442,50
204492,50
204542,50
204592,50
204642,50
204692,50
204742,50
204792,50
204842,50
204892,50
204942,50
204992,50
205042,50
205092,50
205142,50
205192,50
205242,50
205292,50
205342,50
205392,50
205442,50
205492,50
205542,50
205592,50
205642,50
205692,50
205742,50
205792,50
205842,50
205892,50
205942,50
205992,50
206042,50
206092,50
206142,50
206192,50
206242,50
206292,50
206342,50
206392,50
206442,50
206492,50
206542,50
206592,50
206642,50
206692,50
206742,50
206792,50
206842,50
206892,50
206942,50
206992,50
207042,50
207092,50
207142,50
207192,50
207242,50
207292,50
207342,50
207392,50
207442,50
207492,50
207542,50
207592,50
207642,50
207692,50
207742,50
207792,50
207842,50
207892,50
207942,50
207992,50
208042,50
208092,50
208142,50
208192,50
208242,50
208292,50
208342,50
208392,50
208442,50
208492,50
208542,50
208592,50
208642,50
208692,50
208742,50
208792,50
208842,50
208892,50
208942,50
208992,50
209042,50
209092,50
209142,50
209192,50
209242,50
209292,50
209342,50
209392,50
209442,50
209492,50
209542,50
209592,50
209642,50
209692,50
209742,50
209792,50
209842,50
209892,50
209942,50
209992,50
210042,50
210092,50
210142,50
210192,50
210242,50
210292,50
210342,50
210392,50
210442,50
210492,50
210542,50
210592,50
210642,50
210692,50
210742,50
210792,50
210842,50
210892,50
210942,50
210992,50
211042,50
211092,50
211142,50
211192,50
211242,50
211292,50
211342,50
211392,50
211442,50
211492,50
211542,50
211592,50
211642,50
211692,50
211742,50
211792,50
211842,50
211892,50
211942,50
211992,50
212042,50
212092,50
212142,50
212192,50
212242,50
212292,50
212342,50
212392,50
212442,50
212492,50
212542,50
212592,50
212642,50
212692,50
212742,50
212792,50
212842,50
212892,50
212942,50
212992,50
213042,50
213092,50
213142,50
213192,50
213242,50
213292,50
213342,50
213392,50
213442,50
213492,50
213542,50
213592,50
213642,50
213692,50
213742,50
213792,50
213842,50
213892,50
213942,50
213992,50
214042,50
214092,50
214142,50
214192,50
214242,50
214292,50
214342,50
214392,50
214442,50
214492,50
214542,50
214592,50
214642,50
214692,50
214742,50
214792,50
214842,50
214892,50
214942,50
214992,50
215042,50
215092,50
215142,50
215192,50
215242,50
215292,50
215342,50
215392,50
215442,50
215492,50
215542,50
215592,50
215642,50
215692,50
215742,50
215792,50
215842,50
215892,50
215942,50
215992,50
216042,50
216092,50
216142,50
216192,50
216242,50
216292,50
216342,50
216392,50
216442,50
216492,50
216542,50
216592,50
216642,50
216692,50
216742,50
216792,50
216842,50
216892,50
216942,50
216992,50
217042,50
217092,50
217142,50
217192,50
217242,50
217292,50
217342,50
217392,50
217442,50
217492,50
217542,50
217592,50
217642,50
217692,50
217742,50
217792,50
217842,50
217892,50
217942,50
217992,50
218042,50
218092,50
218142,50
218192,50
218242,50
218292,50
218342,50
218392,50
218442,50
218492,50
218542,50
218592,50
218642,50
218692,50
218742,50
218792,50
218842,50
218892,50
218942,50
218992,50
219042,50
219092,50
219142,50
219192,50
219242,50
219292,50
219342,50
219392,50
219442,50
219492,50
219542,50
219592,50
219642,50
219692,50
219742,50
219792,50
219842,50
219892,50
219942,50
219992,50
220042,50
220092,50
220142,50
220192,50
220242,50
220292,50
220342,50
220392,50
220442,50
220492,50
220542,50
220592,50
220642,50
220692,50
220742,50
220792,50
220842,50
220892,50
220942,50
220992,50
221042,50
221092,50
221142,50
221192,50
221242,50
221292,50
221342,50
221392,50
221442,50
221492,50
221542,50
221592,50
221642,50
221692,50
221742,50
221792,50
221842,50
221892,50
221942,50
221992,50
222042,50
222092,50
222142,50
222192,50
222242,50
222292,50
222342,50
222392,50
222442,50
222492,50
222542,50
222592,50
222642,50
222692,50
222742,50
222792,50
222842,50
222892,50
222942,50
222992,50
223042,50
223092,50
223142,50
223192,50
223242,50
223292,50
223342,50
223392,50
223442,50
223492,50
223542,50
223592,50
223642,50
223692,50
223742,50
223792,50
223842,50
223892,50
223942,50
223992,50
224042,50
224092,50
224142,50
224192,50
224242,50
224292,50
224342,50
224392,50
224442,50
224492,50
224542,50
224592,50
224642,50
224692,50
224742,50
224792,50
224842,50
224892,50
224942,50
224992,50
225042,50
225092,50
225142,50
225192,50
225242,50
225292,50
225342,50
225392,50
225442,50
225492,50
225542,50
225592,50
225642,50
225692,50
225742,50
225792,50
225842,50
225892,50
225942,50
225992,50
226042,50
226092,50
226142,50
226192,50
226242,50
226292,50
226342,50
226392,50
226442,50
226492,50
226542,50
226592,50
226642,50
226692,50
226742,50
226792,50
226842,50
226892,50
226942,50
226992,50
227042,50
227092,50
227142,50
227192,50
227242,50
227292,50
227342,50
227392,50
227442,50
227492,50
227542,50
227592,50
227642,50
227692,50
227742,50
227792,50
227842,50
227892,50
227942,50
227992,50
228042,50
228092,50
228142,50
228192,50
228242,50
228292,50
228342,50
228392,50
228442,50
228492,50
228542,50
228592,50
228642,50
228692,50
228742,50
228792,50
228842,50
228892,50
228942,50
228992,50
229042,50
229092,50
229142,50
229192,50
229242,50
229292,50
229342,50
229392,50
229442,50
229492,50
229542,50
229592,50
229642,50
229692,50
229742,50
229792,50
229842,50
229892,50
229942,50
229992,50
230042,50
230092,50
230142,50
230192,50
230242,50
230292,50
230342,50
230392,50
230442,50
230492,50
230542,50
230592,50
230642,50
230692,50
230742,50
230792,50
230842,50
230892,50
230942,50
230992,50
231042,50
231092,50
231142,50
231192,50
231242,50
231292,50
231342,50
231392,50
231442,50
231492,50
231542,50
231592,50
231642,50
231692,50
231742,50
231792,50
231842,50
231892,50
231942,50
231992,50
232042,50
232092,50
232142,50
232192,50
232242,50
232292,50
232342,50
232392,50
232442,50
232492,50
232542,50
232592,50
232642,50
232692,50
232742,50
232792,50
232842,50
232892,50
232942,50
232992,50
233042,50
233092,50
233142,50
233192,50
233242,50
233292,50
233342,50
233392,50
233442,50
233492,50
233542,50
233592,50
233642,50
233692,50
233742,50
233792,50
233842,50
233892,50
233942,50
233992,50
234042,50
234092,50
234142,50
234192,50
234242,50
234292,50
234342,50
234392,50
234442,50
234492,50
234542,50
234592,50
234642,50
234692,50
234742,50
234792,50
234842,50
234892,50
234942,50
234992,50
235042,50
235092,50
235142,50
235192,50
235242,50
235292,50
235342,50
235392,50
235442,50
235492,50
235542,50
235592,50
235642,50
235692,50
235742,50
235792,50
235842,50
235892,50
235942,50
235992,50
236042,50
236092,50
236142,50
236192,50
236242,50
236292,50
236342,50
236392,50
236442,50
236492,50
236542,50
236592,50
236642,50
236692,50
236742,50
236792,50
236842,50
236892,50
236942,50
236992,50
237042,50
237092,50
237142,50
237192,50
237242,50
237292,50
237342,50
237392,50
237442,50
237492,50
237542,50
237592,50
237642,50
237692,50
237742,50
237792,50
237842,50
237892,50
237942,50
237992,50
238042,50
238092,50
238142,50
238192,50
238242,50
238292,50
238342,50
238392,50
238442,50
238492,50
238542,50
238592,50
238642,50
238692,50
238742,50
238792,50
238842,50
238892,50
238942,50
238992,50
239042,50
239092,50
239142,50
239192,50
239242,50
239292,50
239342,50
239392,50
239442,50
239492,50
239542,50
239592,50
239642,50
239692,50
239742,50
239792,50
239842,50
239892,50
239942,50
239992,50
240042,50
240092,50
240142,50
240192,50
240242,50
240292,50
240342,50
240392,50
240442,50
240492,50
240542,50
240592,50
240642,50
240692,50
240742,50
240792,50
240842,50
240892,50
240942,50
240992,50
241042,50
241092,50
241142,50
241192,50
241242,50
241292,50
241342,50
241392,50
241442,50
241492,50
241542,50
241592,50
241642,50
241692,50
241742,50
241792,50
241842,50
241892,50
241942,50
241992,50
242042,50
242092,50
242142,50
242192,50
242242,50
242292,50
242342,50
242392,50
242442,50
242492,50
242542,50
242592,50
242642,50
242692,50
242742,50
242792,50
242842,50
242892,50
242942,50
242992,50
243042,50
243092,50
243142,50
243192,50
243242,50
243292,50
243342,50
243392,50
243442,50
243492,50
243542,50
243592,50
243642,50
243692,50
243742,50
243792,50
243842,50
243892,50
243942,50
243992,50
244042,50
244092,50
244142,50
244192,50
244242,50
244292,50
244342,50
244392,50
244442,50
244492,50
244542,50
244592,50
244642,50
244692,50
244742,50
244792,50
244842,50
244892,50
244942,50
244992,50
245042,50
245092,50
245142,50
245192,50
245242,50
245292,50
245342,50
245392,50
245442,50
245492,50
245542,50
245592,50
245642,50
245692,50
245742,50
245792,50
245842,50
245892,50
245942,50
245992,50
246042,50
246092,50
246142,50
246192,50
246242,50
246292,50
246342,50
246392,50
246442,50
246492,50
246542,50
246592,50
246642,50
246692,50
246742,50
246792,50
246842,50
246892,50
246942,50
246992,50
247042,50
247092,50
247142,50
247192,50
247242,50
247292,50
247342,50
247392,50
247442,50
247492,50
247542,50
247592,50
247642,50
247692,50
247742,50
247792,50
247842,50
247892,50
247942,50
247992,50
248042,50
248092,50
248142,50
248192,50
248242,50
248292,50
248342,50
248392,50
248442,50
248492,50
248542,50
248592,50
248642,50
248692,50
248742,50
248792,50
248842,50
248892,50
248942,50
248992,50
249042,50
249092,50
249142,50
249192,50
249242,50
249292,50
249342,50
249392,50
249442,50
249492,50
249542,50
249592,50
249642,50
249692,50
249742,50
249792,50
249842,50
249892,50
249942,50
249992,50
250042,50
250092,50
250142,50
250192,50
250242,50
250292,50
250342,50
250392,50
250442,50
250492,50
250542,50
250592,50
250642,50
250692,50
250742,50
250792,50
250842,50
250892,50
250942,50
250992,50
251042,50
251092,50
251142,50
251192,50
251242,50
251292,50
251342,50
251392,50
251442,50
251492,50
251542,50
251592,50
251642,50
251692,50
251742,50
251792,50
251842,50
251892,50
251942,50
251992,50
252042,50
252092,50
252142,50
252192,50
252242,50
252292,50
252342,50
252392,50
252442,50
252492,50
252542,50
252592,50
252642,50
252692,50
252742,50
252792,50
252842,50
252892,50
252942,50
252992,50
253042,50
253092,50
253142,50
253192,50
253242,50
253292,50
253342,50
253392,50
253442,50
253492,50
253542,50
253592,50
253642,50
253692,50
253742,50
253792,50
253842,50
253892,50
253942,50
253992,50
254042,50
254092,50
254142,50
254192,50
254242,50
254292,50
254342,50
254392,50
254442,50
254492,50
254542,50
254592,50
254642,50
254692,50
254742,50
254792,50
254842,50
254892,50
254942,50
254992,50
255042,50
255092,50
255142,50
255192,50
255242,50
255292,50
255342,50
255392,50
255442,50
255492,50
255542,50
