42325,6,2
42331,6,2
42337,6,2
42343,6,2
42349,6,2
42355,6,2
42361,6,2
42367,6,2
42373,6,2
42379,6,2
42385,6,2
42391,6,2
42397,6,2
42403,6,2
42409,6,2
42415,6,2
42421,6,2
42427,6,2
42433,6,2
42439,6,2
42445,6,2
42451,6,2
42457,6,2
42463,6,2
42469,6,2
42475,6,2
42481,6,2
42487,6,2
42493,6,2
42499,6,2
42505,6,2
42511,6,2
42517,6,2
42523,6,2
42529,6,2
42535,6,2
42541,6,2
42547,6,2
42553,6,2
42559,6,2
42565,6,2
42571,6,2
42577,6,2
42583,6,2
42589,6,2
42595,6,2
42601,6,2
42607,6,2
42613,6,2
42619,6,2
42625,6,2
42631,6,2
42637,6,2
42643,6,2
42649,6,2
42655,6,2
42661,6,2
42667,6,2
42673,6,2
42679,6,2
42685,6,2
42691,6,2
42697,6,2
42703,6,2
42709,6,2
42715,6,2
42721,6,2
42727,6,2
42733,6,2
42739,6,2
42745,6,2
42751,6,2
42757,6,2
42763,6,2
42769,6,2
42775,6,2
42781,6,2
42787,6,2
42793,6,2
42799,6,2
42805,6,2
42811,6,2
42817,6,2
42823,6,2
42829,6,2
42835,6,2
42841,6,2
42847,6,2
42853,6,2
42859,6,2
42865,6,2
42871,6,2
42877,6,2
42883,6,2
42889,6,2
42895,6,2
42901,6,2
42907,6,2
42913,6,2
42919,6,2
42925,6,2
42931,6,2
42937,6,2
42943,6,2
42949,6,2
42955,6,2
42961,6,2
42967,6,2
42973,6,2
42979,6,2
42985,6,2
42991,6,2
42997,6,2
43003,6,2
43009,6,2
43015,6,2
43021,6,2
43027,6,2
43033,6,2
43039,6,2
43045,6,2
43051,6,2
43057,6,2
43063,6,2
43069,6,2
43075,6,2
43081,6,2
43087,6,2
43093,6,2
43099,6,2
43105,6,2
43111,6,2
43117,6,2
43123,6,2
43129,6,2
43135,6,2
43141,6,2
43147,6,2
43153,6,2
43159,6,2
43165,6,2
43171,6,2
43177,6,2
43183,6,2
43189,6,2
43195,6,2
43201,6,2
43207,6,2
43213,6,2
43219,6,2
43225,6,2
43231,6,2
43237,6,2
43243,6,2
43249,6,2
43255,6,2
43261,6,2
43267,6,2
43273,6,2
43279,6,2
43285,6,2
43291,6,2
43297,6,2
43303,6,2
43309,6,2
43315,6,2
43321,6,2
43327,6,2
43333,6,2
43339,6,2
43345,6,2
43351,6,2
43357,6,2
43363,6,2
43369,6,2
43375,6,2
43381,6,2
43387,6,2
43393,6,2
43399,6,2
43405,6,2
43411,6,2
43417,6,2
43423,6,2
43429,6,2
43435,6,2
43441,6,2
43447,6,2
43453,6,2
43459,6,2
43465,6,2
43471,6,2
43477,6,2
43483,6,2
43489,6,2
43495,6,2
43501,6,2
43507,6,2
43513,6,2
43519,6,2
43525,6,2
43531,6,2
43537,6,2
43543,6,2
43549,6,2
43555,6,2
43561,6,2
43567,6,2
43573,6,2
43579,6,2
43585,6,2
43591,6,2
43597,6,2
43603,6,2
43609,6,2
43615,6,2
43621,6,2
43627,6,2
43633,6,2
43639,6,2
43645,6,2
43651,6,2
43657,6,2
43663,6,2
43669,6,2
43675,6,2
43681,6,2
43687,6,2
43693,6,2
43699,6,2
43705,6,2
43711,6,2
43717,6,2
43723,6,2
43729,6,2
43735,6,2
43741,6,2
43747,6,2
43753,6,2
43759,6,2
43765,6,2
43771,6,2
43777,6,2
43783,6,2
43789,6,2
43795,6,2
43801,6,2
43807,6,2
43813,6,2
43819,6,2
43825,6,2
43831,6,2
43837,6,2
43843,6,2
43849,6,2
43855,6,2
43861,6,2
43867,6,2
43873,6,2
43879,6,2
43885,6,2
43891,6,2
43897,6,2
43903,6,2
43909,6,2
43915,6,2
43921,6,2
43927,6,2
43933,6,2
43939,6,2
43945,6,2
43951,6,2
43957,6,2
43963,6,2
43969,6,2
43975,6,2
43981,6,2
43987,6,2
43993,6,2
43999,6,2
44005,6,2
44011,6,2
44017,6,2
44023,6,2
44029,6,2
44035,6,2
44041,6,2
44047,6,2
44053,6,2
44059,6,2
44065,6,2
44071,6,2
44077,6,2
44083,6,2
44089,6,2
44095,6,2
44101,6,2
44107,6,2
44113,6,2
44119,6,2
44125,6,2
44131,6,2
44137,6,2
44143,6,2
44149,6,2
44155,6,2
44161,6,2
44167,6,2
44173,6,2
44179,6,2
44185,6,2
44191,6,2
44197,6,2
44203,6,2
44209,6,2
44215,6,2
44221,6,2
44227,6,2
44233,6,2
44239,6,2
44245,6,2
44251,6,2
44257,6,2
44263,6,2
44269,6,2
44275,6,2
44281,6,2
44287,6,2
44293,6,2
44299,6,2
44305,6,2
44311,6,2
44317,6,2
44323,6,2
44329,6,2
44335,6,2
44341,6,2
44347,6,2
44353,6,2
44359,6,2
44365,6,2
44371,6,2
44377,6,2
44383,6,2
44389,6,2
44395,6,2
44401,6,2
44407,6,2
44413,6,2
44419,6,2
44425,6,2
44431,6,2
44437,6,2
44443,6,2
44449,6,2
44455,6,2
44461,6,2
44467,6,2
44473,6,2
44479,6,2
44485,6,2
44491,6,2
44497,6,2
44503,6,2
44509,6,2
44515,6,2
44521,6,2
44527,6,2
44533,6,2
44539,6,2
44545,6,2
44551,6,2
44557,6,2
44563,6,2
44569,6,2
44575,6,2
44581,6,2
44587,6,2
44593,6,2
44599,6,2
44605,6,2
44611,6,2
44617,6,2
44623,6,2
44629,6,2
44635,6,2
44641,6,2
44647,6,2
44653,6,2
44659,6,2
44665,6,2
44671,6,2
44677,6,2
44683,6,2
44689,6,2
44695,6,2
44701,6,2
44707,6,2
44713,6,2
44719,6,2
44725,6,2
44731,6,2
44737,6,2
44743,6,2
44749,6,2
44755,6,2
44761,6,2
44767,6,2
44773,6,2
44779,6,2
44785,6,2
44791,6,2
44797,6,2
44803,6,2
44809,6,2
44815,6,2
44821,6,2
44827,6,2
44833,6,2
44839,6,2
44845,6,2
44851,6,2
44857,6,2
44863,6,2
44869,6,2
44875,6,2
44881,6,2
44887,6,2
44893,6,2
44899,6,2
44905,6,2
44911,6,2
44917,6,2
44923,6,2
44929,6,2
44935,6,2
44941,6,2
44947,6,2
44953,6,2
44959,6,2
44965,6,2
44971,6,2
44977,6,2
44983,6,2
44989,6,2
44995,6,2
45001,6,2
45007,6,2
45013,6,2
45019,6,2
45025,6,2
45031,6,2
45037,6,2
45043,6,2
45049,6,2
45055,6,2
45061,6,2
45067,6,2
45073,6,2
45079,6,2
45085,6,2
45091,6,2
45097,6,2
45103,6,2
45109,6,2
45115,6,2
45121,6,2
45127,6,2
45133,6,2
45139,6,2
45145,6,2
45151,6,2
45157,6,2
45163,6,2
45169,6,2
45175,6,2
45181,6,2
45187,6,2
45193,6,2
45199,6,2
45205,6,2
45211,6,2
45217,6,2
45223,6,2
45229,6,2
45235,6,2
45241,6,2
45247,6,2
45253,6,2
45259,6,2
45265,6,2
45271,6,2
45277,6,2
45283,6,2
45289,6,2
45295,6,2
45301,6,2
45307,6,2
45313,6,2
45319,6,2
45325,6,2
45331,6,2
45337,6,2
45343,6,2
45349,6,2
45355,6,2
45361,6,2
45367,6,2
45373,6,2
45379,6,2
45385,6,2
45391,6,2
45397,6,2
45403,6,2
45409,6,2
45415,6,2
45421,6,2
45427,6,2
45433,6,2
45439,6,2
45445,6,2
45451,6,2
45457,6,2
45463,6,2
45469,6,2
45475,6,2
45481,6,2
45487,6,2
45493,6,2
45499,6,2
45505,6,2
45511,6,2
45517,6,2
45523,6,2
45529,6,2
45535,6,2
45541,6,2
45547,6,2
45553,6,2
45559,6,2
45565,6,2
45571,6,2
45577,6,2
45583,6,2
45589,6,2
45595,6,2
45601,6,2
45607,6,2
45613,6,2
45619,6,2
45625,6,2
45631,6,2
45637,6,2
45643,6,2
45649,6,2
45655,6,2
45661,6,2
45667,6,2
45673,6,2
45679,6,2
45685,6,2
45691,6,2
45697,6,2
45703,6,2
45709,6,2
45715,6,2
45721,6,2
45727,6,2
45733,6,2
45739,6,2
45745,6,2
45751,6,2
45757,6,2
45763,6,2
45769,6,2
45775,6,2
45781,6,2
45787,6,2
45793,6,2
45799,6,2
45805,6,2
45811,6,2
45817,6,2
45823,6,2
45829,6,2
45835,6,2
45841,6,2
45847,6,2
45853,6,2
45859,6,2
45865,6,2
45871,6,2
45877,6,2
45883,6,2
45889,6,2
45895,6,2
45901,6,2
45907,6,2
45913,6,2
45919,6,2
45925,6,2
45931,6,2
45937,6,2
45943,6,2
45949,6,2
45955,6,2
45961,6,2
45967,6,2
45973,6,2
45979,6,2
45985,6,2
45991,6,2
45997,6,2
46003,6,2
46009,6,2
46015,6,2
46021,6,2
46027,6,2
46033,6,2
46039,6,2
46045,6,2
46051,6,2
46057,6,2
46063,6,2
46069,6,2
46075,6,2
46081,6,2
46087,6,2
46093,6,2
46099,6,2
46105,6,2
46111,6,2
46117,6,2
46123,6,2
46129,6,2
46135,6,2
46141,6,2
46147,6,2
46153,6,2
46159,6,2
46165,6,2
46171,6,2
46177,6,2
46183,6,2
46189,6,2
46195,6,2
46201,6,2
46207,6,2
46213,6,2
46219,6,2
46225,6,2
46231,6,2
46237,6,2
46243,6,2
46249,6,2
46255,6,2
46261,6,2
46267,6,2
46273,6,2
46279,6,2
46285,6,2
46291,6,2
46297,6,2
46303,6,2
46309,6,2
46315,6,2
46321,6,2
46327,6,2
46333,6,2
46339,6,2
46345,6,2
46351,6,2
46357,6,2
46363,6,2
46369,6,2
46375,6,2
46381,6,2
46387,6,2
46393,6,2
46399,6,2
46405,6,2
46411,6,2
46417,6,2
46423,6,2
46429,6,2
46435,6,2
46441,6,2
46447,6,2
46453,6,2
46459,6,2
46465,6,2
46471,6,2
46477,6,2
46483,6,2
46489,6,2
46495,6,2
46501,6,2
46507,6,2
46513,6,2
46519,6,2
46525,6,2
46531,6,2
46537,6,2
46543,6,2
46549,6,2
46555,6,2
46561,6,2
46567,6,2
46573,6,2
46579,6,2
46585,6,2
46591,6,2
46597,6,2
46603,6,2
46609,6,2
46615,6,2
46621,6,2
46627,6,2
46633,6,2
46639,6,2
46645,6,2
46651,6,2
46657,6,2
46663,6,2
46669,6,2
46675,6,2
46681,6,2
46687,6,2
46693,6,2
46699,6,2
46705,6,2
46711,6,2
46717,6,2
46723,6,2
46729,6,2
46735,6,2
46741,6,2
46747,6,2
46753,6,2
46759,6,2
46765,6,2
46771,6,2
46777,6,2
46783,6,2
46789,6,2
46795,6,2
46801,6,2
46807,6,2
46813,6,2
46819,6,2
46825,6,2
46831,6,2
46837,6,2
46843,6,2
46849,6,2
46855,6,2
46861,6,2
46867,6,2
46873,6,2
46879,6,2
46885,6,2
46891,6,2
46897,6,2
46903,6,2
46909,6,2
46915,6,2
46921,6,2
46927,6,2
46933,6,2
46939,6,2
46945,6,2
46951,6,2
46957,6,2
46963,6,2
46969,6,2
46975,6,2
46981,6,2
46987,6,2
46993,6,2
46999,6,2
47005,6,2
47011,6,2
47017,6,2
47023,6,2
47029,6,2
47035,6,2
47041,6,2
47047,6,2
47053,6,2
47059,6,2
47065,6,2
47071,6,2
47077,6,2
47083,6,2
47089,6,2
47095,6,2
47101,6,2
47107,6,2
47113,6,2
47119,6,2
47125,6,2
47131,6,2
47137,6,2
47143,6,2
47149,6,2
47155,6,2
47161,6,2
47167,6,2
47173,6,2
47179,6,2
47185,6,2
47191,6,2
47197,6,2
47203,6,2
47209,6,2
47215,6,2
47221,6,2
47227,6,2
47233,6,2
47239,6,2
47245,6,2
47251,6,2
47257,6,2
47263,6,2
47269,6,2
47275,6,2
47281,6,2
47287,6,2
47293,6,2
47299,6,2
47305,6,2
47311,6,2
47317,6,2
47323,6,2
47329,6,2
47335,6,2
47341,6,2
47347,6,2
47353,6,2
47359,6,2
47365,6,2
47371,6,2
47377,6,2
47383,6,2
47389,6,2
47395,6,2
47401,6,2
47407,6,2
47413,6,2
47419,6,2
47425,6,2
47431,6,2
47437,6,2
47443,6,2
47449,6,2
47455,6,2
47461,6,2
47467,6,2
47473,6,2
47479,6,2
47485,6,2
47491,6,2
47497,6,2
47503,6,2
47509,6,2
47515,6,2
47521,6,2
47527,6,2
47533,6,2
47539,6,2
47545,6,2
47551,6,2
47557,6,2
47563,6,2
47569,6,2
47575,6,2
47581,6,2
47587,6,2
47593,6,2
47599,6,2
47605,6,2
47611,6,2
47617,6,2
47623,6,2
47629,6,2
47635,6,2
47641,6,2
47647,6,2
47653,6,2
47659,6,2
47665,6,2
47671,6,2
47677,6,2
47683,6,2
47689,6,2
47695,6,2
47701,6,2
47707,6,2
47713,6,2
47719,6,2
47725,6,2
47731,6,2
47737,6,2
47743,6,2
47749,6,2
47755,6,2
47761,6,2
47767,6,2
47773,6,2
47779,6,2
47785,6,2
47791,6,2
47797,6,2
47803,6,2
47809,6,2
47815,6,2
47821,6,2
47827,6,2
47833,6,2
47839,6,2
47845,6,2
47851,6,2
47857,6,2
47863,6,2
47869,6,2
47875,6,2
47881,6,2
47887,6,2
47893,6,2
47899,6,2
47905,6,2
47911,6,2
47917,6,2
47923,6,2
47929,6,2
47935,6,2
47941,6,2
47947,6,2
47953,6,2
47959,6,2
47965,6,2
47971,6,2
47977,6,2
47983,6,2
47989,6,2
47995,6,2
48001,6,2
48007,6,2
48013,6,2
48019,6,2
48025,6,2
48031,6,2
48037,6,2
48043,6,2
48049,6,2
48055,6,2
48061,6,2
48067,6,2
48073,6,2
48079,6,2
48085,6,2
48091,6,2
48097,6,2
48103,6,2
48109,6,2
48115,6,2
48121,6,2
48127,6,2
48133,6,2
48139,6,2
48145,6,2
48151,6,2
48157,6,2
48163,6,2
48169,6,2
48175,6,2
48181,6,2
48187,6,2
48193,6,2
48199,6,2
48205,6,2
48211,6,2
48217,6,2
48223,6,2
48229,6,2
48235,6,2
48241,6,2
48247,6,2
48253,6,2
48259,6,2
48265,6,2
48271,6,2
48277,6,2
48283,6,2
48289,6,2
48295,6,2
48301,6,2
48307,6,2
48313,6,2
48319,6,2
48325,6,2
48331,6,2
48337,6,2
48343,6,2
48349,6,2
48355,6,2
48361,6,2
48367,6,2
48373,6,2
48379,6,2
48385,6,2
48391,6,2
48397,6,2
48403,6,2
48409,6,2
48415,6,2
48421,6,2
48427,6,2
48433,6,2
48439,6,2
48445,6,2
48451,6,2
48457,6,2
48463,6,2
48469,6,2
48475,6,2
48481,6,2
48487,6,2
48493,6,2
48499,6,2
48505,6,2
48511,6,2
48517,6,2
48523,6,2
48529,6,2
48535,6,2
48541,6,2
48547,6,2
48553,6,2
48559,6,2
48565,6,2
48571,6,2
48577,6,2
48583,6,2
48589,6,2
48595,6,2
48601,6,2
48607,6,2
48613,6,2
48619,6,2
48625,6,2
48631,6,2
48637,6,2
48643,6,2
48649,6,2
48655,6,2
48661,6,2
48667,6,2
48673,6,2
48679,6,2
48685,6,2
48691,6,2
48697,6,2
48703,6,2
48709,6,2
48715,6,2
48721,6,2
48727,6,2
48733,6,2
48739,6,2
48745,6,2
48751,6,2
48757,6,2
48763,6,2
48769,6,2
48775,6,2
48781,6,2
48787,6,2
48793,6,2
48799,6,2
48805,6,2
48811,6,2
48817,6,2
48823,6,2
48829,6,2
48835,6,2
48841,6,2
48847,6,2
48853,6,2
48859,6,2
48865,6,2
48871,6,2
48877,6,2
48883,6,2
48889,6,2
48895,6,2
48901,6,2
48907,6,2
48913,6,2
48919,6,2
48925,6,2
48931,6,2
48937,6,2
48943,6,2
48949,6,2
48955,6,2
48961,6,2
48967,6,2
48973,6,2
48979,6,2
48985,6,2
48991,6,2
48997,6,2
49003,6,2
49009,6,2
49015,6,2
49021,6,2
49027,6,2
49033,6,2
49039,6,2
49045,6,2
49051,6,2
49057,6,2
49063,6,2
49069,6,2
49075,6,2
49081,6,2
49087,6,2
49093,6,2
49099,6,2
49105,6,2
49111,6,2
49117,6,2
49123,6,2
49129,6,2
49135,6,2
49141,6,2
49147,6,2
49153,6,2
49159,6,2
49165,6,2
49171,6,2
49177,6,2
49183,6,2
49189,6,2
49195,6,2
49201,6,2
49207,6,2
49213,6,2
49219,6,2
49225,6,2
49231,6,2
49237,6,2
49243,6,2
49249,6,2
49255,6,2
49261,6,2
49267,6,2
49273,6,2
49279,6,2
49285,6,2
49291,6,2
49297,6,2
49303,6,2
49309,6,2
49315,6,2
49321,6,2
49327,6,2
49333,6,2
49339,6,2
49345,6,2
49351,6,2
49357,6,2
49363,6,2
49369,6,2
49375,6,2
49381,6,2
49387,6,2
49393,6,2
49399,6,2
49405,6,2
49411,6,2
49417,6,2
49423,6,2
49429,6,2
49435,6,2
49441,6,2
49447,6,2
49453,6,2
49459,6,2
49465,6,2
49471,6,2
49477,6,2
49483,6,2
49489,6,2
49495,6,2
49501,6,2
49507,6,2
49513,6,2
49519,6,2
49525,6,2
49531,6,2
49537,6,2
49543,6,2
49549,6,2
49555,6,2
49561,6,2
49567,6,2
49573,6,2
49579,6,2
49585,6,2
49591,6,2
49597,6,2
49603,6,2
49609,6,2
49615,6,2
49621,6,2
49627,6,2
49633,6,2
49639,6,2
49645,6,2
49651,6,2
49657,6,2
49663,6,2
49669,6,2
49675,6,2
49681,6,2
49687,6,2
49693,6,2
49699,6,2
49705,6,2
49711,6,2
49717,6,2
49723,6,2
49729,6,2
49735,6,2
49741,6,2
49747,6,2
49753,6,2
49759,6,2
49765,6,2
49771,6,2
49777,6,2
49783,6,2
49789,6,2
49795,6,2
49801,6,2
49807,6,2
49813,6,2
49819,6,2
49825,6,2
49831,6,2
49837,6,2
49843,6,2
49849,6,2
49855,6,2
49861,6,2
49867,6,2
49873,6,2
49879,6,2
49885,6,2
49891,6,2
49897,6,2
49903,6,2
49909,6,2
49915,6,2
49921,6,2
49927,6,2
49933,6,2
49939,6,2
49945,6,2
49951,6,2
49957,6,2
49963,6,2
49969,6,2
49975,6,2
49981,6,2
49987,6,2
49993,6,2
49999,6,2
50005,6,2
50011,6,2
50017,6,2
50023,6,2
50029,6,2
50035,6,2
50041,6,2
50047,6,2
50053,6,2
50059,6,2
50065,6,2
50071,6,2
50077,6,2
50083,6,2
50089,6,2
50095,6,2
50101,6,2
50107,6,2
50113,6,2
50119,6,2
50125,6,2
50131,6,2
50137,6,2
50143,6,2
50149,6,2
50155,6,2
50161,6,2
50167,6,2
50173,6,2
50179,6,2
50185,6,2
50191,6,2
50197,6,2
50203,6,2
50209,6,2
50215,6,2
50221,6,2
50227,6,2
50233,6,2
50239,6,2
50245,6,2
50251,6,2
50257,6,2
50263,6,2
50269,6,2
50275,6,2
50281,6,2
50287,6,2
50293,6,2
50299,6,2
50305,6,2
50311,6,2
50317,6,2
50323,6,2
50329,6,2
50335,6,2
50341,6,2
50347,6,2
50353,6,2
50359,6,2
50365,6,2
50371,6,2
50377,6,2
50383,6,2
50389,6,2
50395,6,2
50401,6,2
50407,6,2
50413,6,2
50419,6,2
50425,6,2
50431,6,2
50437,6,2
50443,6,2
50449,6,2
50455,6,2
50461,6,2
50467,6,2
50473,6,2
50479,6,2
50485,6,2
50491,6,2
50497,6,2
50503,6,2
50509,6,2
50515,6,2
50521,6,2
50527,6,2
50533,6,2
50539,6,2
50545,6,2
50551,6,2
50557,6,2
50563,6,2
50569,6,2
50575,6,2
50581,6,2
50587,6,2
50593,6,2
50599,6,2
50605,6,2
50611,6,2
50617,6,2
50623,6,2
50629,6,2
50635,6,2
50641,6,2
50647,6,2
50653,6,2
50659,6,2
50665,6,2
50671,6,2
50677,6,2
50683,6,2
50689,6,2
50695,6,2
50701,6,2
50707,6,2
50713,6,2
50719,6,2
50725,6,2
50731,6,2
50737,6,2
50743,6,2
50749,6,2
50755,6,2
50761,6,2
50767,6,2
50773,6,2
50779,6,2
50785,6,2
50791,6,2
50797,6,2
50803,6,2
50809,6,2
50815,6,2
50821,6,2
50827,6,2
50833,6,2
50839,6,2
50845,6,2
50851,6,2
50857,6,2
50863,6,2
50869,6,2
50875,6,2
50881,6,2
50887,6,2
50893,6,2
50899,6,2
50905,6,2
50911,6,2
50917,6,2
50923,6,2
50929,6,2
50935,6,2
50941,6,2
50947,6,2
50953,6,2
50959,6,2
50965,6,2
50971,6,2
50977,6,2
50983,6,2
50989,6,2
50995,6,2
51001,6,2
51007,6,2
51013,6,2
51019,6,2
51025,6,2
51031,6,2
51037,6,2
51043,6,2
51049,6,2
51055,6,2
51061,6,2
51067,6,2
51073,6,2
51079,6,2
51085,6,2
51091,6,2
51097,6,2
51103,6,2
51109,6,2
51115,6,2
51121,6,2
51127,6,2
51133,6,2
51139,6,2
51145,6,2
51151,6,2
51157,6,2
51163,6,2
51169,6,2
51175,6,2
51181,6,2
51187,6,2
51193,6,2
51199,6,2
51205,6,2
51211,6,2
51217,6,2
51223,6,2
51229,6,2
51235,6,2
51241,6,2
51247,6,2
51253,6,2
51259,6,2
51265,6,2
51271,6,2
51277,6,2
51283,6,2
51289,6,2
51295,6,2
51301,6,2
51307,6,2
51313,6,2
51319,6,2
51325,6,2
51331,6,2
51337,6,2
51343,6,2
51349,6,2
51355,6,2
51361,6,2
51367,6,2
51373,6,2
51379,6,2
51385,6,2
51391,6,2
51397,6,2
51403,6,2
51409,6,2
51415,6,2
51421,6,2
51427,6,2
51433,6,2
51439,6,2
51445,6,2
51451,6,2
51457,6,2
51463,6,2
51469,6,2
51475,6,2
51481,6,2
51487,6,2
51493,6,2
51499,6,2
51505,6,2
51511,6,2
51517,6,2
51523,6,2
51529,6,2
51535,6,2
51541,6,2
51547,6,2
51553,6,2
51559,6,2
51565,6,2
51571,6,2
51577,6,2
51583,6,2
51589,6,2
51595,6,2
51601,6,2
51607,6,2
51613,6,2
51619,6,2
51625,6,2
51631,6,2
51637,6,2
51643,6,2
51649,6,2
51655,6,2
51661,6,2
51667,6,2
51673,6,2
51679,6,2
51685,6,2
51691,6,2
51697,6,2
51703,6,2
51709,6,2
51715,6,2
51721,6,2
51727,6,2
51733,6,2
51739,6,2
51745,6,2
51751,6,2
51757,6,2
51763,6,2
51769,6,2
51775,6,2
51781,6,2
51787,6,2
51793,6,2
51799,6,2
51805,6,2
51811,6,2
51817,6,2
51823,6,2
51829,6,2
51835,6,2
51841,6,2
51847,6,2
51853,6,2
51859,6,2
51865,6,2
51871,6,2
51877,6,2
51883,6,2
51889,6,2
51895,6,2
51901,6,2
51907,6,2
51913,6,2
51919,6,2
51925,6,2
51931,6,2
51937,6,2
51943,6,2
51949,6,2
51955,6,2
51961,6,2
51967,6,2
51973,6,2
51979,6,2
51985,6,2
51991,6,2
51997,6,2
52003,6,2
52009,6,2
52015,6,2
52021,6,2
52027,6,2
52033,6,2
52039,6,2
52045,6,2
52051,6,2
52057,6,2
52063,6,2
52069,6,2
52075,6,2
52081,6,2
52087,6,2
52093,6,2
52099,6,2
52105,6,2
52111,6,2
52117,6,2
52123,6,2
52129,6,2
52135,6,2
52141,6,2
52147,6,2
52153,6,2
52159,6,2
52165,6,2
52171,6,2
52177,6,2
52183,6,2
52189,6,2
52195,6,2
52201,6,2
52207,6,2
52213,6,2
52219,6,2
52225,6,2
52231,6,2
52237,6,2
52243,6,2
52249,6,2
52255,6,2
52261,6,2
52267,6,2
52273,6,2
52279,6,2
52285,6,2
52291,6,2
52297,6,2
52303,6,2
52309,6,2
52315,6,2
52321,6,2
52327,6,2
52333,6,2
52339,6,2
52345,6,2
52351,6,2
52357,6,2
52363,6,2
52369,6,2
52375,6,2
52381,6,2
52387,6,2
52393,6,2
52399,6,2
52405,6,2
52411,6,2
52417,6,2
52423,6,2
52429,6,2
52435,6,2
52441,6,2
52447,6,2
52453,6,2
52459,6,2
52465,6,2
52471,6,2
52477,6,2
52483,6,2
52489,6,2
52495,6,2
52501,6,2
52507,6,2
52513,6,2
52519,6,2
52525,6,2
52531,6,2
52537,6,2
52543,6,2
52549,6,2
52555,6,2
52561,6,2
52567,6,2
52573,6,2
52579,6,2
52585,6,2
52591,6,2
52597,6,2
52603,6,2
52609,6,2
52615,6,2
52621,6,2
52627,6,2
52633,6,2
52639,6,2
52645,6,2
52651,6,2
52657,6,2
52663,6,2
52669,6,2
52675,6,2
52681,6,2
52687,6,2
52693,6,2
52699,6,2
52705,6,2
52711,6,2
52717,6,2
52723,6,2
52729,6,2
52735,6,2
52741,6,2
52747,6,2
52753,6,2
52759,6,2
52765,6,2
52771,6,2
52777,6,2
52783,6,2
52789,6,2
52795,6,2
52801,6,2
52807,6,2
52813,6,2
52819,6,2
52825,6,2
52831,6,2
52837,6,2
52843,6,2
52849,6,2
52855,6,2
52861,6,2
52867,6,2
52873,6,2
52879,6,2
52885,6,2
52891,6,2
52897,6,2
52903,6,2
52909,6,2
52915,6,2
52921,6,2
52927,6,2
52933,6,2
52939,6,2
52945,6,2
52951,6,2
52957,6,2
52963,6,2
52969,6,2
52975,6,2
52981,6,2
52987,6,2
52993,6,2
52999,6,2
53005,6,2
53011,6,2
53017,6,2
53023,6,2
53029,6,2
53035,6,2
53041,6,2
53047,6,2
53053,6,2
53059,6,2
53065,6,2
53071,6,2
53077,6,2
53083,6,2
53089,6,2
53095,6,2
53101,6,2
53107,6,2
53113,6,2
53119,6,2
53125,6,2
53131,6,2
53137,6,2
53143,6,2
53149,6,2
53155,6,2
53161,6,2
53167,6,2
53173,6,2
53179,6,2
53185,6,2
53191,6,2
53197,6,2
53203,6,2
53209,6,2
53215,6,2
53221,6,2
53227,6,2
53233,6,2
53239,6,2
53245,6,2
53251,6,2
53257,6,2
53263,6,2
53269,6,2
53275,6,2
53281,6,2
53287,6,2
53293,6,2
53299,6,2
53305,6,2
53311,6,2
53317,6,2
53323,6,2
53329,6,2
53335,6,2
53341,6,2
53347,6,2
53353,6,2
53359,6,2
53365,6,2
53371,6,2
53377,6,2
53383,6,2
53389,6,2
53395,6,2
53401,6,2
53407,6,2
53413,6,2
53419,6,2
53425,6,2
53431,6,2
53437,6,2
53443,6,2
53449,6,2
53455,6,2
53461,6,2
53467,6,2
53473,6,2
53479,6,2
53485,6,2
53491,6,2
53497,6,2
53503,6,2
53509,6,2
53515,6,2
53521,6,2
53527,6,2
53533,6,2
53539,6,2
53545,6,2
53551,6,2
53557,6,2
53563,6,2
53569,6,2
53575,6,2
53581,6,2
53587,6,2
53593,6,2
53599,6,2
53605,6,2
53611,6,2
53617,6,2
53623,6,2
53629,6,2
53635,6,2
53641,6,2
53647,6,2
53653,6,2
53659,6,2
53665,6,2
53671,6,2
53677,6,2
53683,6,2
53689,6,2
53695,6,2
53701,6,2
53707,6,2
53713,6,2
53719,6,2
53725,6,2
53731,6,2
53737,6,2
53743,6,2
53749,6,2
53755,6,2
53761,6,2
53767,6,2
53773,6,2
53779,6,2
53785,6,2
53791,6,2
53797,6,2
53803,6,2
53809,6,2
53815,6,2
53821,6,2
53827,6,2
53833,6,2
53839,6,2
53845,6,2
53851,6,2
53857,6,2
53863,6,2
53869,6,2
53875,6,2
53881,6,2
53887,6,2
53893,6,2
53899,6,2
53905,6,2
53911,6,2
53917,6,2
53923,6,2
53929,6,2
53935,6,2
53941,6,2
53947,6,2
53953,6,2
53959,6,2
53965,6,2
53971,6,2
53977,6,2
53983,6,2
53989,6,2
53995,6,2
54001,6,2
54007,6,2
54013,6,2
54019,6,2
54025,6,2
54031,6,2
54037,6,2
54043,6,2
54049,6,2
54055,6,2
54061,6,2
54067,6,2
54073,6,2
54079,6,2
54085,6,2
54091,6,2
54097,6,2
54103,6,2
54109,6,2
54115,6,2
54121,6,2
54127,6,2
54133,6,2
54139,6,2
54145,6,2
54151,6,2
54157,6,2
54163,6,2
54169,6,2
54175,6,2
54181,6,2
54187,6,2
54193,6,2
54199,6,2
54205,6,2
54211,6,2
54217,6,2
54223,6,2
54229,6,2
54235,6,2
54241,6,2
54247,6,2
54253,6,2
54259,6,2
54265,6,2
54271,6,2
54277,6,2
54283,6,2
54289,6,2
54295,6,2
54301,6,2
54307,6,2
54313,6,2
54319,6,2
54325,6,2
54331,6,2
54337,6,2
54343,6,2
54349,6,2
54355,6,2
54361,6,2
54367,6,2
54373,6,2
54379,6,2
54385,6,2
54391,6,2
54397,6,2
54403,6,2
54409,6,2
54415,6,2
54421,6,2
54427,6,2
54433,6,2
54439,6,2
54445,6,2
54451,6,2
54457,6,2
54463,6,2
54469,6,2
54475,6,2
54481,6,2
54487,6,2
54493,6,2
54499,6,2
54505,6,2
54511,6,2
54517,6,2
54523,6,2
54529,6,2
54535,6,2
54541,6,2
54547,6,2
54553,6,2
54559,6,2
54565,6,2
54571,6,2
54577,6,2
54583,6,2
54589,6,2
54595,6,2
54601,6,2
54607,6,2
54613,6,2
54619,6,2
54625,6,2
54631,6,2
54637,6,2
54643,6,2
54649,6,2
54655,6,2
54661,6,2
54667,6,2
54673,6,2
54679,6,2
54685,6,2
54691,6,2
54697,6,2
54703,6,2
54709,6,2
54715,6,2
54721,6,2
54727,6,2
54733,6,2
54739,6,2
54745,6,2
54751,6,2
54757,6,2
54763,6,2
54769,6,2
54775,6,2
54781,6,2
54787,6,2
54793,6,2
54799,6,2
54805,6,2
54811,6,2
54817,6,2
54823,6,2
54829,6,2
54835,6,2
54841,6,2
54847,6,2
54853,6,2
54859,6,2
54865,6,2
54871,6,2
54877,6,2
54883,6,2
54889,6,2
54895,6,2
54901,6,2
54907,6,2
54913,6,2
54919,6,2
54925,6,2
54931,6,2
54937,6,2
54943,6,2
54949,6,2
54955,6,2
54961,6,2
54967,6,2
54973,6,2
54979,6,2
54985,6,2
54991,6,2
54997,6,2
55003,6,2
55009,6,2
55015,6,2
55021,6,2
55027,6,2
55033,6,2
55039,6,2
55045,6,2
55051,6,2
55057,6,2
55063,6,2
55069,6,2
55075,6,2
55081,6,2
55087,6,2
55093,6,2
55099,6,2
55105,6,2
55111,6,2
55117,6,2
55123,6,2
55129,6,2
55135,6,2
55141,6,2
55147,6,2
55153,6,2
55159,6,2
55165,6,2
55171,6,2
55177,6,2
55183,6,2
55189,6,2
55195,6,2
55201,6,2
55207,6,2
55213,6,2
55219,6,2
55225,6,2
55231,6,2
55237,6,2
55243,6,2
55249,6,2
55255,6,2
55261,6,2
55267,6,2
55273,6,2
55279,6,2
55285,6,2
55291,6,2
55297,6,2
55303,6,2
55309,6,2
55315,6,2
55321,6,2
55327,6,2
55333,6,2
55339,6,2
55345,6,2
55351,6,2
55357,6,2
55363,6,2
55369,6,2
55375,6,2
55381,6,2
55387,6,2
55393,6,2
55399,6,2
55405,6,2
55411,6,2
55417,6,2
55423,6,2
55429,6,2
55435,6,2
55441,6,2
55447,6,2
55453,6,2
55459,6,2
55465,6,2
55471,6,2
55477,6,2
55483,6,2
55489,6,2
55495,6,2
55501,6,2
55507,6,2
55513,6,2
55519,6,2
55525,6,2
55531,6,2
55537,6,2
55543,6,2
55549,6,2
55555,6,2
55561,6,2
55567,6,2
55573,6,2
55579,6,2
55585,6,2
55591,6,2
55597,6,2
55603,6,2
55609,6,2
55615,6,2
55621,6,2
55627,6,2
55633,6,2
55639,6,2
55645,6,2
55651,6,2
55657,6,2
55663,6,2
55669,6,2
55675,6,2
55681,6,2
55687,6,2
55693,6,2
55699,6,2
55705,6,2
55711,6,2
55717,6,2
55723,6,2
55729,6,2
55735,6,2
55741,6,2
55747,6,2
55753,6,2
55759,6,2
55765,6,2
55771,6,2
55777,6,2
55783,6,2
55789,6,2
55795,6,2
55801,6,2
55807,6,2
55813,6,2
55819,6,2
55825,6,2
55831,6,2
55837,6,2
55843,6,2
55849,6,2
55855,6,2
55861,6,2
55867,6,2
55873,6,2
55879,6,2
55885,6,2
55891,6,2
55897,6,2
55903,6,2
55909,6,2
55915,6,2
55921,6,2
55927,6,2
55933,6,2
55939,6,2
55945,6,2
55951,6,2
55957,6,2
55963,6,2
55969,6,2
55975,6,2
55981,6,2
55987,6,2
55993,6,2
55999,6,2
56005,6,2
56011,6,2
56017,6,2
56023,6,2
56029,6,2
56035,6,2
56041,6,2
56047,6,2
56053,6,2
56059,6,2
56065,6,2
56071,6,2
56077,6,2
56083,6,2
56089,6,2
56095,6,2
56101,6,2
56107,6,2
56113,6,2
56119,6,2
56125,6,2
56131,6,2
56137,6,2
56143,6,2
56149,6,2
56155,6,2
56161,6,2
56167,6,2
56173,6,2
56179,6,2
56185,6,2
56191,6,2
56197,6,2
56203,6,2
56209,6,2
56215,6,2
56221,6,2
56227,6,2
56233,6,2
56239,6,2
56245,6,2
56251,6,2
56257,6,2
56263,6,2
56269,6,2
56275,6,2
56281,6,2
56287,6,2
56293,6,2
56299,6,2
56305,6,2
56311,6,2
56317,6,2
56323,6,2
56329,6,2
56335,6,2
56341,6,2
56347,6,2
56353,6,2
56359,6,2
56365,6,2
56371,6,2
56377,6,2
56383,6,2
56389,6,2
56395,6,2
56401,6,2
56407,6,2
56413,6,2
56419,6,2
56425,6,2
56431,6,2
56437,6,2
56443,6,2
56449,6,2
56455,6,2
56461,6,2
56467,6,2
56473,6,2
56479,6,2
56485,6,2
56491,6,2
56497,6,2
56503,6,2
56509,6,2
56515,6,2
56521,6,2
56527,6,2
56533,6,2
56539,6,2
56545,6,2
56551,6,2
56557,6,2
56563,6,2
56569,6,2
56575,6,2
56581,6,2
56587,6,2
56593,6,2
56599,6,2
56605,6,2
56611,6,2
56617,6,2
56623,6,2
56629,6,2
56635,6,2
56641,6,2
56647,6,2
56653,6,2
56659,6,2
56665,6,2
56671,6,2
56677,6,2
56683,6,2
56689,6,2
56695,6,2
56701,6,2
56707,6,2
56713,6,2
56719,6,2
56725,6,2
56731,6,2
56737,6,2
56743,6,2
56749,6,2
56755,6,2
56761,6,2
56767,6,2
56773,6,2
56779,6,2
56785,6,2
56791,6,2
56797,6,2
56803,6,2
56809,6,2
56815,6,2
56821,6,2
56827,6,2
56833,6,2
56839,6,2
56845,6,2
56851,6,2
56857,6,2
56863,6,2
56869,6,2
56875,6,2
56881,6,2
56887,6,2
56893,6,2
56899,6,2
56905,6,2
56911,6,2
56917,6,2
56923,6,2
56929,6,2
56935,6,2
56941,6,2
56947,6,2
56953,6,2
56959,6,2
56965,6,2
56971,6,2
56977,6,2
56983,6,2
56989,6,2
56995,6,2
57001,6,2
57007,6,2
57013,6,2
57019,6,2
57025,6,2
57031,6,2
57037,6,2
57043,6,2
57049,6,2
57055,6,2
57061,6,2
57067,6,2
57073,6,2
57079,6,2
57085,6,2
57091,6,2
57097,6,2
57103,6,2
57109,6,2
57115,6,2
57121,6,2
57127,6,2
57133,6,2
57139,6,2
57145,6,2
57151,6,2
57157,6,2
57163,6,2
57169,6,2
57175,6,2
57181,6,2
57187,6,2
57193,6,2
57199,6,2
57205,6,2
57211,6,2
57217,6,2
57223,6,2
57229,6,2
57235,6,2
57241,6,2
57247,6,2
57253,6,2
57259,6,2
57265,6,2
57271,6,2
57277,6,2
57283,6,2
57289,6,2
57295,6,2
57301,6,2
57307,6,2
57313,6,2
57319,6,2
57325,6,2
57331,6,2
57337,6,2
57343,6,2
57349,6,2
57355,6,2
57361,6,2
57367,6,2
57373,6,2
57379,6,2
57385,6,2
57391,6,2
57397,6,2
57403,6,2
57409,6,2
57415,6,2
57421,6,2
57427,6,2
57433,6,2
57439,6,2
57445,6,2
57451,6,2
57457,6,2
57463,6,2
57469,6,2
57475,6,2
57481,6,2
57487,6,2
57493,6,2
57499,6,2
57505,6,2
57511,6,2
57517,6,2
57523,6,2
57529,6,2
57535,6,2
57541,6,2
57547,6,2
57553,6,2
57559,6,2
57565,6,2
57571,6,2
57577,6,2
57583,6,2
57589,6,2
57595,6,2
57601,6,2
57607,6,2
57613,6,2
57619,6,2
57625,6,2
57631,6,2
57637,6,2
57643,6,2
57649,6,2
57655,6,2
57661,6,2
57667,6,2
57673,6,2
57679,6,2
57685,6,2
57691,6,2
57697,6,2
57703,6,2
57709,6,2
57715,6,2
57721,6,2
57727,6,2
57733,6,2
57739,6,2
57745,6,2
57751,6,2
57757,6,2
57763,6,2
57769,6,2
57775,6,2
57781,6,2
57787,6,2
57793,6,2
57799,6,2
57805,6,2
57811,6,2
57817,6,2
57823,6,2
57829,6,2
57835,6,2
57841,6,2
57847,6,2
57853,6,2
57859,6,2
57865,6,2
57871,6,2
57877,6,2
57883,6,2
57889,6,2
57895,6,2
57901,6,2
57907,6,2
57913,6,2
57919,6,2
57925,6,2
57931,6,2
57937,6,2
57943,6,2
57949,6,2
57955,6,2
57961,6,2
57967,6,2
57973,6,2
57979,6,2
57985,6,2
57991,6,2
57997,6,2
58003,6,2
58009,6,2
58015,6,2
58021,6,2
58027,6,2
58033,6,2
58039,6,2
58045,6,2
58051,6,2
58057,6,2
58063,6,2
58069,6,2
58075,6,2
58081,6,2
58087,6,2
58093,6,2
58099,6,2
58105,6,2
58111,6,2
58117,6,2
58123,6,2
58129,6,2
58135,6,2
58141,6,2
58147,6,2
58153,6,2
58159,6,2
58165,6,2
58171,6,2
58177,6,2
58183,6,2
58189,6,2
58195,6,2
58201,6,2
58207,6,2
58213,6,2
58219,6,2
58225,6,2
58231,6,2
58237,6,2
58243,6,2
58249,6,2
58255,6,2
58261,6,2
58267,6,2
58273,6,2
58279,6,2
58285,6,2
58291,6,2
58297,6,2
58303,6,2
58309,6,2
58315,6,2
58321,6,2
58327,6,2
58333,6,2
58339,6,2
58345,6,2
58351,6,2
58357,6,2
58363,6,2
58369,6,2
58375,6,2
58381,6,2
58387,6,2
58393,6,2
58399,6,2
58405,6,2
58411,6,2
58417,6,2
58423,6,2
58429,6,2
58435,6,2
58441,6,2
58447,6,2
58453,6,2
58459,6,2
58465,6,2
58471,6,2
58477,6,2
58483,6,2
58489,6,2
58495,6,2
58501,6,2
58507,6,2
58513,6,2
58519,6,2
58525,6,2
58531,6,2
58537,6,2
58543,6,2
58549,6,2
58555,6,2
58561,6,2
58567,6,2
58573,6,2
58579,6,2
58585,6,2
58591,6,2
58597,6,2
58603,6,2
58609,6,2
58615,6,2
58621,6,2
58627,6,2
58633,6,2
58639,6,2
58645,6,2
58651,6,2
58657,6,2
58663,6,2
58669,6,2
58675,6,2
58681,6,2
58687,6,2
58693,6,2
58699,6,2
58705,6,2
58711,6,2
58717,6,2
58723,6,2
58729,6,2
58735,6,2
58741,6,2
58747,6,2
58753,6,2
58759,6,2
58765,6,2
58771,6,2
58777,6,2
58783,6,2
58789,6,2
58795,6,2
58801,6,2
58807,6,2
58813,6,2
58819,6,2
58825,6,2
58831,6,2
58837,6,2
58843,6,2
58849,6,2
58855,6,2
58861,6,2
58867,6,2
58873,6,2
58879,6,2
58885,6,2
58891,6,2
58897,6,2
58903,6,2
58909,6,2
58915,6,2
58921,6,2
58927,6,2
58933,6,2
58939,6,2
58945,6,2
58951,6,2
58957,6,2
58963,6,2
58969,6,2
58975,6,2
58981,6,2
58987,6,2
58993,6,2
58999,6,2
59005,6,2
59011,6,2
59017,6,2
59023,6,2
59029,6,2
59035,6,2
59041,6,2
59047,6,2
59053,6,2
59059,6,2
59065,6,2
59071,6,2
59077,6,2
59083,6,2
59089,6,2
59095,6,2
59101,6,2
59107,6,2
59113,6,2
59119,6,2
59125,6,2
59131,6,2
59137,6,2
59143,6,2
59149,6,2
59155,6,2
59161,6,2
59167,6,2
59173,6,2
59179,6,2
59185,6,2
59191,6,2
59197,6,2
59203,6,2
59209,6,2
59215,6,2
59221,6,2
59227,6,2
59233,6,2
59239,6,2
59245,6,2
59251,6,2
59257,6,2
59263,6,2
59269,6,2
59275,6,2
59281,6,2
59287,6,2
59293,6,2
59299,6,2
59305,6,2
59311,6,2
59317,6,2
59323,6,2
59329,6,2
59335,6,2
59341,6,2
59347,6,2
59353,6,2
59359,6,2
59365,6,2
59371,6,2
59377,6,2
59383,6,2
59389,6,2
59395,6,2
59401,6,2
59407,6,2
59413,6,2
59419,6,2
59425,6,2
59431,6,2
59437,6,2
59443,6,2
59449,6,2
59455,6,2
59461,6,2
59467,6,2
59473,6,2
59479,6,2
59485,6,2
59491,6,2
59497,6,2
59503,6,2
59509,6,2
59515,6,2
59521,6,2
59527,6,2
59533,6,2
59539,6,2
59545,6,2
59551,6,2
59557,6,2
59563,6,2
59569,6,2
59575,6,2
59581,6,2
59587,6,2
59593,6,2
59599,6,2
59605,6,2
59611,6,2
59617,6,2
59623,6,2
59629,6,2
59635,6,2
59641,6,2
59647,6,2
59653,6,2
59659,6,2
59665,6,2
59671,6,2
59677,6,2
59683,6,2
59689,6,2
59695,6,2
59701,6,2
59707,6,2
59713,6,2
59719,6,2
59725,6,2
59731,6,2
59737,6,2
59743,6,2
59749,6,2
59755,6,2
59761,6,2
59767,6,2
59773,6,2
59779,6,2
59785,6,2
59791,6,2
59797,6,2
59803,6,2
59809,6,2
59815,6,2
59821,6,2
59827,6,2
59833,6,2
59839,6,2
59845,6,2
59851,6,2
59857,6,2
59863,6,2
59869,6,2
59875,6,2
59881,6,2
59887,6,2
59893,6,2
59899,6,2
59905,6,2
59911,6,2
59917,6,2
59923,6,2
59929,6,2
59935,6,2
59941,6,2
59947,6,2
59953,6,2
59959,6,2
59965,6,2
59971,6,2
59977,6,2
59983,6,2
59989,6,2
59995,6,2
60001,6,2
60007,6,2
60013,6,2
60019,6,2
60025,6,2
60031,6,2
60037,6,2
60043,6,2
60049,6,2
60055,6,2
60061,6,2
60067,6,2
60073,6,2
60079,6,2
60085,6,2
60091,6,2
60097,6,2
60103,6,2
60109,6,2
60115,6,2
60121,6,2
60127,6,2
60133,6,2
60139,6,2
60145,6,2
60151,6,2
60157,6,2
60163,6,2
60169,6,2
60175,6,2
60181,6,2
60187,6,2
60193,6,2
60199,6,2
60205,6,2
60211,6,2
60217,6,2
60223,6,2
60229,6,2
60235,6,2
60241,6,2
60247,6,2
60253,6,2
60259,6,2
60265,6,2
60271,6,2
60277,6,2
60283,6,2
60289,6,2
60295,6,2
60301,6,2
60307,6,2
60313,6,2
60319,6,2
60325,6,2
60331,6,2
60337,6,2
60343,6,2
60349,6,2
60355,6,2
60361,6,2
60367,6,2
60373,6,2
60379,6,2
60385,6,2
60391,6,2
60397,6,2
60403,6,2
60409,6,2
60415,6,2
60421,6,2
60427,6,2
60433,6,2
60439,6,2
60445,6,2
60451,6,2
60457,6,2
60463,6,2
60469,6,2
60475,6,2
60481,6,2
60487,6,2
60493,6,2
60499,6,2
60505,6,2
60511,6,2
60517,6,2
60523,6,2
60529,6,2
60535,6,2
60541,6,2
60547,6,2
60553,6,2
60559,6,2
60565,6,2
60571,6,2
60577,6,2
60583,6,2
60589,6,2
60595,6,2
60601,6,2
60607,6,2
60613,6,2
60619,6,2
60625,6,2
60631,6,2
60637,6,2
60643,6,2
60649,6,2
60655,6,2
60661,6,2
60667,6,2
60673,6,2
60679,6,2
60685,6,2
60691,6,2
60697,6,2
60703,6,2
60709,6,2
60715,6,2
60721,6,2
60727,6,2
60733,6,2
60739,6,2
60745,6,2
60751,6,2
60757,6,2
60763,6,2
60769,6,2
60775,6,2
60781,6,2
60787,6,2
60793,6,2
60799,6,2
60805,6,2
60811,6,2
60817,6,2
60823,6,2
60829,6,2
60835,6,2
60841,6,2
60847,6,2
60853,6,2
60859,6,2
60865,6,2
60871,6,2
60877,6,2
60883,6,2
60889,6,2
60895,6,2
60901,6,2
60907,6,2
60913,6,2
60919,6,2
60925,6,2
60931,6,2
60937,6,2
60943,6,2
60949,6,2
60955,6,2
60961,6,2
60967,6,2
60973,6,2
60979,6,2
60985,6,2
60991,6,2
60997,6,2
61003,6,2
61009,6,2
61015,6,2
61021,6,2
61027,6,2
61033,6,2
61039,6,2
61045,6,2
61051,6,2
61057,6,2
61063,6,2
61069,6,2
61075,6,2
61081,6,2
61087,6,2
61093,6,2
61099,6,2
61105,6,2
61111,6,2
61117,6,2
61123,6,2
61129,6,2
61135,6,2
61141,6,2
61147,6,2
61153,6,2
61159,6,2
61165,6,2
61171,6,2
61177,6,2
61183,6,2
61189,6,2
61195,6,2
61201,6,2
61207,6,2
61213,6,2
61219,6,2
61225,6,2
61231,6,2
61237,6,2
61243,6,2
61249,6,2
61255,6,2
61261,6,2
61267,6,2
61273,6,2
61279,6,2
61285,6,2
61291,6,2
61297,6,2
61303,6,2
61309,6,2
61315,6,2
61321,6,2
61327,6,2
61333,6,2
61339,6,2
61345,6,2
61351,6,2
61357,6,2
61363,6,2
61369,6,2
61375,6,2
61381,6,2
61387,6,2
61393,6,2
61399,6,2
61405,6,2
61411,6,2
61417,6,2
61423,6,2
61429,6,2
61435,6,2
61441,6,2
61447,6,2
61453,6,2
61459,6,2
61465,6,2
61471,6,2
61477,6,2
61483,6,2
61489,6,2
61495,6,2
61501,6,2
61507,6,2
61513,6,2
61519,6,2
61525,6,2
61531,6,2
61537,6,2
61543,6,2
61549,6,2
61555,6,2
61561,6,2
61567,6,2
61573,6,2
61579,6,2
61585,6,2
61591,6,2
61597,6,2
61603,6,2
61609,6,2
61615,6,2
61621,6,2
61627,6,2
61633,6,2
61639,6,2
61645,6,2
61651,6,2
61657,6,2
61663,6,2
61669,6,2
61675,6,2
61681,6,2
61687,6,2
61693,6,2
61699,6,2
61705,6,2
61711,6,2
61717,6,2
61723,6,2
61729,6,2
61735,6,2
61741,6,2
61747,6,2
61753,6,2
61759,6,2
61765,6,2
61771,6,2
61777,6,2
61783,6,2
61789,6,2
61795,6,2
61801,6,2
61807,6,2
61813,6,2
61819,6,2
61825,6,2
61831,6,2
61837,6,2
61843,6,2
61849,6,2
61855,6,2
61861,6,2
61867,6,2
61873,6,2
61879,6,2
61885,6,2
61891,6,2
61897,6,2
61903,6,2
61909,6,2
61915,6,2
61921,6,2
61927,6,2
61933,6,2
61939,6,2
61945,6,2
61951,6,2
61957,6,2
61963,6,2
61969,6,2
61975,6,2
61981,6,2
61987,6,2
61993,6,2
61999,6,2
62005,6,2
62011,6,2
62017,6,2
62023,6,2
62029,6,2
62035,6,2
62041,6,2
62047,6,2
62053,6,2
62059,6,2
62065,6,2
62071,6,2
62077,6,2
62083,6,2
62089,6,2
62095,6,2
62101,6,2
62107,6,2
62113,6,2
62119,6,2
62125,6,2
62131,6,2
62137,6,2
62143,6,2
62149,6,2
62155,6,2
62161,6,2
62167,6,2
62173,6,2
62179,6,2
62185,6,2
62191,6,2
62197,6,2
62203,6,2
62209,6,2
62215,6,2
62221,6,2
62227,6,2
62233,6,2
62239,6,2
62245,6,2
62251,6,2
62257,6,2
62263,6,2
62269,6,2
62275,6,2
62281,6,2
62287,6,2
62293,6,2
62299,6,2
62305,6,2
62311,6,2
62317,6,2
62323,6,2
62329,6,2
62335,6,2
62341,6,2
62347,6,2
62353,6,2
62359,6,2
62365,6,2
62371,6,2
62377,6,2
62383,6,2
62389,6,2
62395,6,2
62401,6,2
62407,6,2
62413,6,2
62419,6,2
62425,6,2
62431,6,2
62437,6,2
62443,6,2
62449,6,2
62455,6,2
62461,6,2
62467,6,2
62473,6,2
62479,6,2
62485,6,2
62491,6,2
62497,6,2
62503,6,2
62509,6,2
62515,6,2
62521,6,2
62527,6,2
62533,6,2
62539,6,2
62545,6,2
62551,6,2
62557,6,2
62563,6,2
62569,6,2
62575,6,2
62581,6,2
62587,6,2
62593,6,2
62599,6,2
62605,6,2
62611,6,2
62617,6,2
62623,6,2
62629,6,2
62635,6,2
62641,6,2
62647,6,2
62653,6,2
62659,6,2
62665,6,2
62671,6,2
62677,6,2
62683,6,2
62689,6,2
62695,6,2
62701,6,2
62707,6,2
62713,6,2
62719,6,2
62725,6,2
62731,6,2
62737,6,2
62743,6,2
62749,6,2
62755,6,2
62761,6,2
62767,6,2
62773,6,2
62779,6,2
62785,6,2
62791,6,2
62797,6,2
62803,6,2
62809,6,2
62815,6,2
62821,6,2
62827,6,2
62833,6,2
62839,6,2
62845,6,2
62851,6,2
62857,6,2
62863,6,2
62869,6,2
62875,6,2
62881,6,2
62887,6,2
62893,6,2
62899,6,2
62905,6,2
62911,6,2
62917,6,2
62923,6,2
62929,6,2
62935,6,2
62941,6,2
62947,6,2
62953,6,2
62959,6,2
62965,6,2
62971,6,2
62977,6,2
62983,6,2
62989,6,2
62995,6,2
63001,6,2
63007,6,2
63013,6,2
63019,6,2
63025,6,2
63031,6,2
63037,6,2
63043,6,2
63049,6,2
63055,6,2
63061,6,2
63067,6,2
63073,6,2
63079,6,2
63085,6,2
63091,6,2
63097,6,2
63103,6,2
63109,6,2
63115,6,2
63121,6,2
63127,6,2
63133,6,2
63139,6,2
63145,6,2
63151,6,2
63157,6,2
63163,6,2
63169,6,2
63175,6,2
63181,6,2
63187,6,2
63193,6,2
63199,6,2
63205,6,2
63211,6,2
63217,6,2
63223,6,2
63229,6,2
63235,6,2
63241,6,2
63247,6,2
63253,6,2
63259,6,2
63265,6,2
63271,6,2
63277,6,2
63283,6,2
63289,6,2
63295,6,2
63301,6,2
63307,6,2
63313,6,2
63319,6,2
63325,6,2
63331,6,2
63337,6,2
63343,6,2
63349,6,2
63355,6,2
63361,6,2
63367,6,2
63373,6,2
63379,6,2
63385,6,2
63391,6,2
63397,6,2
63403,6,2
63409,6,2
63415,6,2
63421,6,2
63427,6,2
63433,6,2
63439,6,2
63445,6,2
63451,6,2
63457,6,2
63463,6,2
63469,6,2
63475,6,2
63481,6,2
63487,6,2
63493,6,2
63499,6,2
63505,6,2
63511,6,2
63517,6,2
63523,6,2
63529,6,2
63535,6,2
63541,6,2
63547,6,2
63553,6,2
63559,6,2
63565,6,2
63571,6,2
63577,6,2
63583,6,2
63589,6,2
63595,6,2
63601,6,2
63607,6,2
63613,6,2
63619,6,2
63625,6,2
63631,6,2
63637,6,2
63643,6,2
63649,6,2
63655,6,2
63661,6,2
63667,6,2
63673,6,2
63679,6,2
63685,6,2
63691,6,2
63697,6,2
63703,6,2
63709,6,2
63715,6,2
63721,6,2
63727,6,2
63733,6,2
63739,6,2
63745,6,2
63751,6,2
63757,6,2
63763,6,2
63769,6,2
63775,6,2
63781,6,2
63787,6,2
63793,6,2
63799,6,2
63805,6,2
63811,6,2
63817,6,2
63823,6,2
63829,6,2
63835,6,2
63841,6,2
63847,6,2
63853,6,2
63859,6,2
63865,6,2
63871,6,2
63877,6,2
63883,6,2
63889,6,2
63895,6,2
63901,6,2
63907,6,2
63913,6,2
63919,6,2
63925,6,2
63931,6,2
63937,6,2
63943,6,2
63949,6,2
63955,6,2
63961,6,2
63967,6,2
63973,6,2
63979,6,2
63985,6,2
63991,6,2
63997,6,2
64003,6,2
64009,6,2
64015,6,2
64021,6,2
64027,6,2
64033,6,2
64039,6,2
64045,6,2
64051,6,2
64057,6,2
64063,6,2
64069,6,2
64075,6,2
64081,6,2
64087,6,2
64093,6,2
64099,6,2
64105,6,2
64111,6,2
64117,6,2
64123,6,2
64129,6,2
64135,6,2
64141,6,2
64147,6,2
64153,6,2
64159,6,2
64165,6,2
64171,6,2
64177,6,2
64183,6,2
64189,6,2
64195,6,2
64201,6,2
64207,6,2
64213,6,2
64219,6,2
64225,6,2
64231,6,2
64237,6,2
64243,6,2
64249,6,2
64255,6,2
64261,6,2
64267,6,2
64273,6,2
64279,6,2
64285,6,2
64291,6,2
64297,6,2
64303,6,2
64309,6,2
64315,6,2
64321,6,2
64327,6,2
64333,6,2
64339,6,2
64345,6,2
64351,6,2
64357,6,2
64363,6,2
64369,6,2
64375,6,2
64381,6,2
64387,6,2
64393,6,2
64399,6,2
64405,6,2
64411,6,2
64417,6,2
64423,6,2
64429,6,2
64435,6,2
64441,6,2
64447,6,2
64453,6,2
64459,6,2
64465,6,2
64471,6,2
64477,6,2
64483,6,2
64489,6,2
64495,6,2
64501,6,2
64507,6,2
64513,6,2
64519,6,2
64525,6,2
64531,6,2
64537,6,2
64543,6,2
64549,6,2
64555,6,2
64561,6,2
64567,6,2
64573,6,2
64579,6,2
64585,6,2
64591,6,2
64597,6,2
64603,6,2
64609,6,2
64615,6,2
64621,6,2
64627,6,2
64633,6,2
64639,6,2
64645,6,2
64651,6,2
64657,6,2
64663,6,2
64669,6,2
64675,6,2
64681,6,2
64687,6,2
64693,6,2
64699,6,2
64705,6,2
64711,6,2
64717,6,2
64723,6,2
64729,6,2
64735,6,2
64741,6,2
64747,6,2
64753,6,2
64759,6,2
64765,6,2
64771,6,2
64777,6,2
64783,6,2
64789,6,2
64795,6,2
64801,6,2
64807,6,2
64813,6,2
64819,6,2
64825,6,2
64831,6,2
64837,6,2
64843,6,2
64849,6,2
64855,6,2
64861,6,2
64867,6,2
64873,6,2
64879,6,2
64885,6,2
64891,6,2
64897,6,2
64903,6,2
64909,6,2
64915,6,2
64921,6,2
64927,6,2
64933,6,2
64939,6,2
64945,6,2
64951,6,2
64957,6,2
64963,6,2
64969,6,2
64975,6,2
64981,6,2
64987,6,2
64993,6,2
64999,6,2
65005,6,2
65011,6,2
65017,6,2
65023,6,2
65029,6,2
65035,6,2
65041,6,2
65047,6,2
65053,6,2
65059,6,2
65065,6,2
65071,6,2
65077,6,2
65083,6,2
65089,6,2
65095,6,2
65101,6,2
65107,6,2
65113,6,2
65119,6,2
65125,6,2
65131,6,2
65137,6,2
65143,6,2
65149,6,2
65155,6,2
65161,6,2
65167,6,2
65173,6,2
65179,6,2
65185,6,2
65191,6,2
65197,6,2
65203,6,2
65209,6,2
65215,6,2
65221,6,2
65227,6,2
65233,6,2
65239,6,2
65245,6,2
65251,6,2
65257,6,2
65263,6,2
65269,6,2
65275,6,2
65281,6,2
65287,6,2
65293,6,2
65299,6,2
65305,6,2
65311,6,2
65317,6,2
65323,6,2
65329,6,2
65335,6,2
65341,6,2
65347,6,2
65353,6,2
65359,6,2
65365,6,2
65371,6,2
65377,6,2
65383,6,2
65389,6,2
65395,6,2
65401,6,2
65407,6,2
65413,6,2
65419,6,2
65425,6,2
65431,6,2
65437,6,2
65443,6,2
65449,6,2
65455,6,2
65461,6,2
65467,6,2
65473,6,2
65479,6,2
65485,6,2
65491,6,2
65497,6,2
65503,6,2
65509,6,2
65515,6,2
65521,6,2
65527,6,2
65533,6,2
65539,6,2
65545,6,2
65551,6,2
65557,6,2
65563,6,2
65569,6,2
65575,6,2
65581,6,2
65587,6,2
65593,6,2
65599,6,2
65605,6,2
65611,6,2
65617,6,2
65623,6,2
65629,6,2
65635,6,2
65641,6,2
65647,6,2
65653,6,2
65659,6,2
65665,6,2
65671,6,2
65677,6,2
65683,6,2
65689,6,2
65695,6,2
65701,6,2
65707,6,2
65713,6,2
65719,6,2
65725,6,2
65731,6,2
65737,6,2
65743,6,2
65749,6,2
65755,6,2
65761,6,2
65767,6,2
65773,6,2
65779,6,2
65785,6,2
65791,6,2
65797,6,2
65803,6,2
65809,6,2
65815,6,2
65821,6,2
65827,6,2
65833,6,2
65839,6,2
65845,6,2
65851,6,2
65857,6,2
65863,6,2
65869,6,2
65875,6,2
65881,6,2
65887,6,2
65893,6,2
65899,6,2
65905,6,2
65911,6,2
65917,6,2
65923,6,2
65929,6,2
65935,6,2
65941,6,2
65947,6,2
65953,6,2
65959,6,2
65965,6,2
65971,6,2
65977,6,2
65983,6,2
65989,6,2
65995,6,2
66001,6,2
66007,6,2
66013,6,2
66019,6,2
66025,6,2
66031,6,2
66037,6,2
66043,6,2
66049,6,2
66055,6,2
66061,6,2
66067,6,2
66073,6,2
66079,6,2
66085,6,2
66091,6,2
66097,6,2
66103,6,2
66109,6,2
66115,6,2
66121,6,2
66127,6,2
66133,6,2
66139,6,2
66145,6,2
66151,6,2
66157,6,2
66163,6,2
66169,6,2
66175,6,2
66181,6,2
66187,6,2
66193,6,2
66199,6,2
66205,6,2
66211,6,2
66217,6,2
66223,6,2
66229,6,2
66235,6,2
66241,6,2
66247,6,2
66253,6,2
66259,6,2
66265,6,2
66271,6,2
66277,6,2
66283,6,2
66289,6,2
66295,6,2
66301,6,2
66307,6,2
66313,6,2
66319,6,2
66325,6,2
66331,6,2
66337,6,2
66343,6,2
66349,6,2
66355,6,2
66361,6,2
66367,6,2
66373,6,2
66379,6,2
66385,6,2
66391,6,2
66397,6,2
66403,6,2
66409,6,2
66415,6,2
66421,6,2
66427,6,2
66433,6,2
66439,6,2
66445,6,2
66451,6,2
66457,6,2
66463,6,2
66469,6,2
66475,6,2
66481,6,2
66487,6,2
66493,6,2
66499,6,2
66505,6,2
66511,6,2
66517,6,2
66523,6,2
66529,6,2
66535,6,2
66541,6,2
66547,6,2
66553,6,2
66559,6,2
66565,6,2
66571,6,2
66577,6,2
66583,6,2
66589,6,2
66595,6,2
66601,6,2
66607,6,2
66613,6,2
66619,6,2
66625,6,2
66631,6,2
66637,6,2
66643,6,2
66649,6,2
66655,6,2
66661,6,2
66667,6,2
66673,6,2
66679,6,2
66685,6,2
66691,6,2
66697,6,2
66703,6,2
66709,6,2
66715,6,2
66721,6,2
66727,6,2
66733,6,2
66739,6,2
66745,6,2
66751,6,2
66757,6,2
66763,6,2
66769,6,2
66775,6,2
66781,6,2
66787,6,2
66793,6,2
66799,6,2
66805,6,2
66811,6,2
66817,6,2
66823,6,2
66829,6,2
66835,6,2
66841,6,2
66847,6,2
66853,6,2
66859,6,2
66865,6,2
66871,6,2
66877,6,2
66883,6,2
66889,6,2
66895,6,2
66901,6,2
66907,6,2
66913,6,2
66919,6,2
66925,6,2
66931,6,2
66937,6,2
66943,6,2
66949,6,2
66955,6,2
66961,6,2
66967,6,2
66973,6,2
66979,6,2
66985,6,2
66991,6,2
66997,6,2
67003,6,2
67009,6,2
67015,6,2
67021,6,2
67027,6,2
67033,6,2
67039,6,2
67045,6,2
67051,6,2
67057,6,2
67063,6,2
67069,6,2
67075,6,2
67081,6,2
67087,6,2
67093,6,2
67099,6,2
67105,6,2
67111,6,2
67117,6,2
67123,6,2
67129,6,2
67135,6,2
67141,6,2
67147,6,2
67153,6,2
67159,6,2
67165,6,2
67171,6,2
67177,6,2
67183,6,2
67189,6,2
67195,6,2
67201,6,2
67207,6,2
67213,6,2
67219,6,2
67225,6,2
67231,6,2
67237,6,2
67243,6,2
67249,6,2
67255,6,2
67261,6,2
67267,6,2
67273,6,2
67279,6,2
67285,6,2
67291,6,2
67297,6,2
67303,6,2
67309,6,2
67315,6,2
67321,6,2
67327,6,2
67333,6,2
67339,6,2
67345,6,2
67351,6,2
67357,6,2
67363,6,2
67369,6,2
67375,6,2
67381,6,2
67387,6,2
67393,6,2
67399,6,2
67405,6,2
67411,6,2
67417,6,2
67423,6,2
67429,6,2
67435,6,2
67441,6,2
67447,6,2
67453,6,2
67459,6,2
67465,6,2
67471,6,2
67477,6,2
67483,6,2
67489,6,2
67495,6,2
67501,6,2
67507,6,2
67513,6,2
67519,6,2
67525,6,2
67531,6,2
67537,6,2
67543,6,2
67549,6,2
67555,6,2
67561,6,2
67567,6,2
67573,6,2
67579,6,2
67585,6,2
67591,6,2
67597,6,2
67603,6,2
67609,6,2
67615,6,2
67621,6,2
67627,6,2
67633,6,2
67639,6,2
67645,6,2
67651,6,2
67657,6,2
67663,6,2
67669,6,2
67675,6,2
67681,6,2
67687,6,2
67693,6,2
67699,6,2
67705,6,2
67711,6,2
67717,6,2
67723,6,2
67729,6,2
67735,6,2
67741,6,2
67747,6,2
67753,6,2
67759,6,2
67765,6,2
67771,6,2
67777,6,2
67783,6,2
67789,6,2
67795,6,2
67801,6,2
67807,6,2
67813,6,2
67819,6,2
67825,6,2
67831,6,2
67837,6,2
67843,6,2
67849,6,2
67855,6,2
67861,6,2
67867,6,2
67873,6,2
67879,6,2
67885,6,2
67891,6,2
67897,6,2
67903,6,2
67909,6,2
67915,6,2
67921,6,2
67927,6,2
67933,6,2
67939,6,2
67945,6,2
67951,6,2
67957,6,2
67963,6,2
67969,6,2
67975,6,2
67981,6,2
67987,6,2
67993,6,2
67999,6,2
68005,6,2
68011,6,2
68017,6,2
68023,6,2
68029,6,2
68035,6,2
68041,6,2
68047,6,2
68053,6,2
68059,6,2
68065,6,2
68071,6,2
68077,6,2
68083,6,2
68089,6,2
68095,6,2
68101,6,2
68107,6,2
68113,6,2
68119,6,2
68125,6,2
68131,6,2
68137,6,2
68143,6,2
68149,6,2
68155,6,2
68161,6,2
68167,6,2
68173,6,2
68179,6,2
68185,6,2
68191,6,2
68197,6,2
68203,6,2
68209,6,2
68215,6,2
68221,6,2
68227,6,2
68233,6,2
68239,6,2
68245,6,2
68251,6,2
68257,6,2
68263,6,2
68269,6,2
68275,6,2
68281,6,2
68287,6,2
68293,6,2
68299,6,2
68305,6,2
68311,6,2
68317,6,2
68323,6,2
68329,6,2
68335,6,2
68341,6,2
68347,6,2
68353,6,2
68359,6,2
68365,6,2
68371,6,2
68377,6,2
68383,6,2
68389,6,2
68395,6,2
68401,6,2
68407,6,2
68413,6,2
68419,6,2
68425,6,2
68431,6,2
68437,6,2
68443,6,2
68449,6,2
68455,6,2
68461,6,2
68467,6,2
68473,6,2
68479,6,2
68485,6,2
68491,6,2
68497,6,2
68503,6,2
68509,6,2
68515,6,2
68521,6,2
68527,6,2
68533,6,2
68539,6,2
68545,6,2
68551,6,2
68557,6,2
68563,6,2
68569,6,2
68575,6,2
68581,6,2
68587,6,2
68593,6,2
68599,6,2
68605,6,2
68611,6,2
68617,6,2
68623,6,2
68629,6,2
68635,6,2
68641,6,2
68647,6,2
68653,6,2
68659,6,2
68665,6,2
68671,6,2
68677,6,2
68683,6,2
68689,6,2
68695,6,2
68701,6,2
68707,6,2
68713,6,2
68719,6,2
68725,6,2
68731,6,2
68737,6,2
68743,6,2
68749,6,2
68755,6,2
68761,6,2
68767,6,2
68773,6,2
68779,6,2
68785,6,2
68791,6,2
68797,6,2
68803,6,2
68809,6,2
68815,6,2
68821,6,2
68827,6,2
68833,6,2
68839,6,2
68845,6,2
68851,6,2
68857,6,2
68863,6,2
68869,6,2
68875,6,2
68881,6,2
68887,6,2
68893,6,2
68899,6,2
68905,6,2
68911,6,2
68917,6,2
68923,6,2
68929,6,2
68935,6,2
68941,6,2
68947,6,2
68953,6,2
68959,6,2
68965,6,2
68971,6,2
68977,6,2
68983,6,2
68989,6,2
68995,6,2
69001,6,2
69007,6,2
69013,6,2
69019,6,2
69025,6,2
69031,6,2
69037,6,2
69043,6,2
69049,6,2
69055,6,2
69061,6,2
69067,6,2
69073,6,2
69079,6,2
69085,6,2
69091,6,2
69097,6,2
69103,6,2
69109,6,2
69115,6,2
69121,6,2
69127,6,2
69133,6,2
69139,6,2
69145,6,2
69151,6,2
69157,6,2
69163,6,2
69169,6,2
69175,6,2
69181,6,2
69187,6,2
69193,6,2
69199,6,2
69205,6,2
69211,6,2
69217,6,2
69223,6,2
69229,6,2
69235,6,2
69241,6,2
69247,6,2
69253,6,2
69259,6,2
69265,6,2
69271,6,2
69277,6,2
69283,6,2
69289,6,2
69295,6,2
69301,6,2
69307,6,2
69313,6,2
69319,6,2
69325,6,2
69331,6,2
69337,6,2
69343,6,2
69349,6,2
69355,6,2
69361,6,2
69367,6,2
69373,6,2
69379,6,2
69385,6,2
69391,6,2
69397,6,2
69403,6,2
69409,6,2
69415,6,2
69421,6,2
69427,6,2
69433,6,2
69439,6,2
69445,6,2
69451,6,2
69457,6,2
69463,6,2
69469,6,2
69475,6,2
69481,6,2
69487,6,2
69493,6,2
69499,6,2
69505,6,2
69511,6,2
69517,6,2
69523,6,2
69529,6,2
69535,6,2
69541,6,2
69547,6,2
69553,6,2
69559,6,2
69565,6,2
69571,6,2
69577,6,2
69583,6,2
69589,6,2
69595,6,2
69601,6,2
69607,6,2
69613,6,2
69619,6,2
69625,6,2
69631,6,2
69637,6,2
69643,6,2
69649,6,2
69655,6,2
69661,6,2
69667,6,2
69673,6,2
69679,6,2
69685,6,2
69691,6,2
69697,6,2
69703,6,2
69709,6,2
69715,6,2
69721,6,2
69727,6,2
69733,6,2
69739,6,2
69745,6,2
69751,6,2
69757,6,2
69763,6,2
69769,6,2
69775,6,2
69781,6,2
69787,6,2
69793,6,2
69799,6,2
69805,6,2
69811,6,2
69817,6,2
69823,6,2
69829,6,2
69835,6,2
69841,6,2
69847,6,2
69853,6,2
69859,6,2
69865,6,2
69871,6,2
69877,6,2
69883,6,2
69889,6,2
69895,6,2
69901,6,2
69907,6,2
69913,6,2
69919,6,2
69925,6,2
69931,6,2
69937,6,2
69943,6,2
69949,6,2
69955,6,2
69961,6,2
69967,6,2
69973,6,2
69979,6,2
69985,6,2
69991,6,2
69997,6,2
70003,6,2
70009,6,2
70015,6,2
70021,6,2
70027,6,2
70033,6,2
70039,6,2
70045,6,2
70051,6,2
70057,6,2
70063,6,2
70069,6,2
70075,6,2
70081,6,2
70087,6,2
70093,6,2
70099,6,2
70105,6,2
70111,6,2
70117,6,2
70123,6,2
70129,6,2
70135,6,2
70141,6,2
70147,6,2
70153,6,2
70159,6,2
70165,6,2
70171,6,2
70177,6,2
70183,6,2
70189,6,2
70195,6,2
70201,6,2
70207,6,2
70213,6,2
70219,6,2
70225,6,2
70231,6,2
70237,6,2
70243,6,2
70249,6,2
70255,6,2
70261,6,2
70267,6,2
70273,6,2
70279,6,2
70285,6,2
70291,6,2
70297,6,2
70303,6,2
70309,6,2
70315,6,2
70321,6,2
70327,6,2
70333,6,2
70339,6,2
70345,6,2
70351,6,2
70357,6,2
70363,6,2
70369,6,2
70375,6,2
70381,6,2
70387,6,2
70393,6,2
70399,6,2
70405,6,2
70411,6,2
70417,6,2
70423,6,2
70429,6,2
70435,6,2
70441,6,2
70447,6,2
70453,6,2
70459,6,2
70465,6,2
70471,6,2
70477,6,2
70483,6,2
70489,6,2
70495,6,2
70501,6,2
70507,6,2
70513,6,2
70519,6,2
70525,6,2
70531,6,2
70537,6,2
70543,6,2
70549,6,2
70555,6,2
70561,6,2
70567,6,2
70573,6,2
70579,6,2
70585,6,2
70591,6,2
70597,6,2
70603,6,2
70609,6,2
70615,6,2
70621,6,2
70627,6,2
70633,6,2
70639,6,2
70645,6,2
70651,6,2
70657,6,2
70663,6,2
70669,6,2
70675,6,2
70681,6,2
70687,6,2
70693,6,2
70699,6,2
70705,6,2
70711,6,2
70717,6,2
70723,6,2
70729,6,2
70735,6,2
70741,6,2
70747,6,2
70753,6,2
70759,6,2
70765,6,2
70771,6,2
70777,6,2
70783,6,2
70789,6,2
70795,6,2
70801,6,2
70807,6,2
70813,6,2
70819,6,2
70825,6,2
70831,6,2
70837,6,2
70843,6,2
70849,6,2
70855,6,2
70861,6,2
70867,6,2
70873,6,2
70879,6,2
70885,6,2
70891,6,2
70897,6,2
70903,6,2
70909,6,2
70915,6,2
70921,6,2
70927,6,2
70933,6,2
70939,6,2
70945,6,2
70951,6,2
70957,6,2
70963,6,2
70969,6,2
70975,6,2
70981,6,2
70987,6,2
70993,6,2
70999,6,2
71005,6,2
71011,6,2
71017,6,2
71023,6,2
71029,6,2
71035,6,2
71041,6,2
71047,6,2
71053,6,2
71059,6,2
71065,6,2
71071,6,2
71077,6,2
71083,6,2
71089,6,2
71095,6,2
71101,6,2
71107,6,2
71113,6,2
71119,6,2
71125,6,2
71131,6,2
71137,6,2
71143,6,2
71149,6,2
71155,6,2
71161,6,2
71167,6,2
71173,6,2
71179,6,2
71185,6,2
71191,6,2
71197,6,2
71203,6,2
71209,6,2
71215,6,2
71221,6,2
71227,6,2
71233,6,2
71239,6,2
71245,6,2
71251,6,2
71257,6,2
71263,6,2
71269,6,2
71275,6,2
71281,6,2
71287,6,2
71293,6,2
71299,6,2
71305,6,2
71311,6,2
71317,6,2
71323,6,2
71329,6,2
71335,6,2
71341,6,2
71347,6,2
71353,6,2
71359,6,2
71365,6,2
71371,6,2
71377,6,2
71383,6,2
71389,6,2
71395,6,2
71401,6,2
71407,6,2
71413,6,2
71419,6,2
71425,6,2
71431,6,2
71437,6,2
71443,6,2
71449,6,2
71455,6,2
71461,6,2
71467,6,2
71473,6,2
71479,6,2
71485,6,2
71491,6,2
71497,6,2
71503,6,2
71509,6,2
71515,6,2
71521,6,2
71527,6,2
71533,6,2
71539,6,2
71545,6,2
71551,6,2
71557,6,2
71563,6,2
71569,6,2
71575,6,2
71581,6,2
71587,6,2
71593,6,2
71599,6,2
71605,6,2
71611,6,2
71617,6,2
71623,6,2
71629,6,2
71635,6,2
71641,6,2
71647,6,2
71653,6,2
71659,6,2
71665,6,2
71671,6,2
71677,6,2
71683,6,2
71689,6,2
71695,6,2
71701,6,2
71707,6,2
71713,6,2
71719,6,2
71725,6,2
71731,6,2
71737,6,2
71743,6,2
71749,6,2
71755,6,2
71761,6,2
71767,6,2
71773,6,2
71779,6,2
71785,6,2
71791,6,2
71797,6,2
71803,6,2
71809,6,2
71815,6,2
71821,6,2
71827,6,2
71833,6,2
71839,6,2
71845,6,2
71851,6,2
71857,6,2
71863,6,2
71869,6,2
71875,6,2
71881,6,2
71887,6,2
71893,6,2
71899,6,2
71905,6,2
71911,6,2
71917,6,2
71923,6,2
71929,6,2
71935,6,2
71941,6,2
71947,6,2
71953,6,2
71959,6,2
71965,6,2
71971,6,2
71977,6,2
71983,6,2
71989,6,2
71995,6,2
72001,6,2
72007,6,2
72013,6,2
72019,6,2
72025,6,2
72031,6,2
72037,6,2
72043,6,2
72049,6,2
72055,6,2
72061,6,2
72067,6,2
72073,6,2
72079,6,2
72085,6,2
72091,6,2
72097,6,2
72103,6,2
72109,6,2
72115,6,2
72121,6,2
72127,6,2
72133,6,2
72139,6,2
72145,6,2
72151,6,2
72157,6,2
72163,6,2
72169,6,2
72175,6,2
72181,6,2
72187,6,2
72193,6,2
72199,6,2
72205,6,2
72211,6,2
72217,6,2
72223,6,2
72229,6,2
72235,6,2
72241,6,2
72247,6,2
72253,6,2
72259,6,2
72265,6,2
72271,6,2
72277,6,2
72283,6,2
72289,6,2
72295,6,2
72301,6,2
72307,6,2
72313,6,2
72319,6,2
72325,6,2
72331,6,2
72337,6,2
72343,6,2
72349,6,2
72355,6,2
72361,6,2
72367,6,2
72373,6,2
72379,6,2
72385,6,2
72391,6,2
72397,6,2
72403,6,2
72409,6,2
72415,6,2
72421,6,2
72427,6,2
72433,6,2
72439,6,2
72445,6,2
72451,6,2
72457,6,2
72463,6,2
72469,6,2
72475,6,2
72481,6,2
72487,6,2
72493,6,2
72499,6,2
72505,6,2
72511,6,2
72517,6,2
72523,6,2
72529,6,2
72535,6,2
72541,6,2
72547,6,2
72553,6,2
72559,6,2
72565,6,2
72571,6,2
72577,6,2
72583,6,2
72589,6,2
72595,6,2
72601,6,2
72607,6,2
72613,6,2
72619,6,2
72625,6,2
72631,6,2
72637,6,2
72643,6,2
72649,6,2
72655,6,2
72661,6,2
72667,6,2
72673,6,2
72679,6,2
72685,6,2
72691,6,2
72697,6,2
72703,6,2
72709,6,2
72715,6,2
72721,6,2
72727,6,2
72733,6,2
72739,6,2
72745,6,2
72751,6,2
72757,6,2
72763,6,2
72769,6,2
72775,6,2
72781,6,2
72787,6,2
72793,6,2
72799,6,2
72805,6,2
72811,6,2
72817,6,2
72823,6,2
72829,6,2
72835,6,2
72841,6,2
72847,6,2
72853,6,2
72859,6,2
72865,6,2
72871,6,2
72877,6,2
72883,6,2
72889,6,2
72895,6,2
72901,6,2
72907,6,2
72913,6,2
72919,6,2
72925,6,2
72931,6,2
72937,6,2
72943,6,2
72949,6,2
72955,6,2
72961,6,2
72967,6,2
72973,6,2
72979,6,2
72985,6,2
72991,6,2
72997,6,2
73003,6,2
73009,6,2
73015,6,2
73021,6,2
73027,6,2
73033,6,2
73039,6,2
73045,6,2
73051,6,2
73057,6,2
73063,6,2
73069,6,2
73075,6,2
73081,6,2
73087,6,2
73093,6,2
73099,6,2
73105,6,2
73111,6,2
73117,6,2
73123,6,2
73129,6,2
73135,6,2
73141,6,2
73147,6,2
73153,6,2
73159,6,2
73165,6,2
73171,6,2
73177,6,2
73183,6,2
73189,6,2
73195,6,2
73201,6,2
73207,6,2
73213,6,2
73219,6,2
73225,6,2
73231,6,2
73237,6,2
73243,6,2
73249,6,2
73255,6,2
73261,6,2
73267,6,2
73273,6,2
73279,6,2
73285,6,2
73291,6,2
73297,6,2
73303,6,2
73309,6,2
73315,6,2
73321,6,2
73327,6,2
73333,6,2
73339,6,2
73345,6,2
73351,6,2
73357,6,2
73363,6,2
73369,6,2
73375,6,2
73381,6,2
73387,6,2
73393,6,2
73399,6,2
73405,6,2
73411,6,2
73417,6,2
73423,6,2
73429,6,2
73435,6,2
73441,6,2
73447,6,2
73453,6,2
73459,6,2
73465,6,2
73471,6,2
73477,6,2
73483,6,2
73489,6,2
73495,6,2
73501,6,2
73507,6,2
73513,6,2
73519,6,2
73525,6,2
73531,6,2
73537,6,2
73543,6,2
73549,6,2
73555,6,2
73561,6,2
73567,6,2
73573,6,2
73579,6,2
73585,6,2
73591,6,2
73597,6,2
73603,6,2
73609,6,2
73615,6,2
73621,6,2
73627,6,2
73633,6,2
73639,6,2
73645,6,2
73651,6,2
73657,6,2
73663,6,2
73669,6,2
73675,6,2
73681,6,2
73687,6,2
73693,6,2
73699,6,2
73705,6,2
73711,6,2
73717,6,2
73723,6,2
73729,6,2
73735,6,2
73741,6,2
73747,6,2
73753,6,2
73759,6,2
73765,6,2
73771,6,2
73777,6,2
73783,6,2
73789,6,2
73795,6,2
73801,6,2
73807,6,2
73813,6,2
73819,6,2
73825,6,2
73831,6,2
73837,6,2
73843,6,2
73849,6,2
73855,6,2
73861,6,2
73867,6,2
73873,6,2
73879,6,2
73885,6,2
73891,6,2
73897,6,2
73903,6,2
73909,6,2
73915,6,2
73921,6,2
73927,6,2
73933,6,2
73939,6,2
73945,6,2
73951,6,2
73957,6,2
73963,6,2
73969,6,2
73975,6,2
73981,6,2
73987,6,2
73993,6,2
73999,6,2
74005,6,2
74011,6,2
74017,6,2
74023,6,2
74029,6,2
74035,6,2
74041,6,2
74047,6,2
74053,6,2
74059,6,2
74065,6,2
74071,6,2
74077,6,2
74083,6,2
74089,6,2
74095,6,2
74101,6,2
74107,6,2
74113,6,2
74119,6,2
74125,6,2
74131,6,2
74137,6,2
74143,6,2
74149,6,2
74155,6,2
74161,6,2
74167,6,2
74173,6,2
74179,6,2
74185,6,2
74191,6,2
74197,6,2
74203,6,2
74209,6,2
74215,6,2
74221,6,2
74227,6,2
74233,6,2
74239,6,2
74245,6,2
74251,6,2
74257,6,2
74263,6,2
74269,6,2
74275,6,2
74281,6,2
74287,6,2
74293,6,2
74299,6,2
74305,6,2
74311,6,2
74317,6,2
74323,6,2
74329,6,2
74335,6,2
74341,6,2
74347,6,2
74353,6,2
74359,6,2
74365,6,2
74371,6,2
74377,6,2
74383,6,2
74389,6,2
74395,6,2
74401,6,2
74407,6,2
74413,6,2
74419,6,2
74425,6,2
74431,6,2
74437,6,2
74443,6,2
74449,6,2
74455,6,2
74461,6,2
74467,6,2
74473,6,2
74479,6,2
74485,6,2
74491,6,2
74497,6,2
74503,6,2
74509,6,2
74515,6,2
74521,6,2
74527,6,2
74533,6,2
74539,6,2
74545,6,2
74551,6,2
74557,6,2
74563,6,2
74569,6,2
74575,6,2
74581,6,2
74587,6,2
74593,6,2
74599,6,2
74605,6,2
74611,6,2
74617,6,2
74623,6,2
74629,6,2
74635,6,2
74641,6,2
74647,6,2
74653,6,2
74659,6,2
74665,6,2
74671,6,2
74677,6,2
74683,6,2
74689,6,2
74695,6,2
74701,6,2
74707,6,2
74713,6,2
74719,6,2
74725,6,2
74731,6,2
74737,6,2
74743,6,2
74749,6,2
74755,6,2
74761,6,2
74767,6,2
74773,6,2
74779,6,2
74785,6,2
74791,6,2
74797,6,2
74803,6,2
74809,6,2
74815,6,2
74821,6,2
74827,6,2
74833,6,2
74839,6,2
74845,6,2
74851,6,2
74857,6,2
74863,6,2
74869,6,2
74875,6,2
74881,6,2
74887,6,2
74893,6,2
74899,6,2
74905,6,2
74911,6,2
74917,6,2
74923,6,2
74929,6,2
74935,6,2
74941,6,2
74947,6,2
74953,6,2
74959,6,2
74965,6,2
74971,6,2
74977,6,2
74983,6,2
74989,6,2
74995,6,2
75001,6,2
75007,6,2
75013,6,2
75019,6,2
75025,6,2
75031,6,2
75037,6,2
75043,6,2
75049,6,2
75055,6,2
75061,6,2
75067,6,2
75073,6,2
75079,6,2
75085,6,2
75091,6,2
75097,6,2
75103,6,2
75109,6,2
75115,6,2
75121,6,2
75127,6,2
75133,6,2
75139,6,2
75145,6,2
75151,6,2
75157,6,2
75163,6,2
75169,6,2
75175,6,2
75181,6,2
75187,6,2
75193,6,2
75199,6,2
75205,6,2
75211,6,2
75217,6,2
75223,6,2
75229,6,2
75235,6,2
75241,6,2
75247,6,2
75253,6,2
75259,6,2
75265,6,2
75271,6,2
75277,6,2
75283,6,2
75289,6,2
75295,6,2
75301,6,2
75307,6,2
75313,6,2
75319,6,2
75325,6,2
75331,6,2
75337,6,2
75343,6,2
75349,6,2
75355,6,2
75361,6,2
75367,6,2
75373,6,2
75379,6,2
75385,6,2
75391,6,2
75397,6,2
75403,6,2
75409,6,2
75415,6,2
75421,6,2
75427,6,2
75433,6,2
75439,6,2
75445,6,2
75451,6,2
75457,6,2
75463,6,2
75469,6,2
75475,6,2
75481,6,2
75487,6,2
75493,6,2
75499,6,2
75505,6,2
75511,6,2
75517,6,2
75523,6,2
75529,6,2
75535,6,2
75541,6,2
75547,6,2
75553,6,2
75559,6,2
75565,6,2
75571,6,2
75577,6,2
75583,6,2
75589,6,2
75595,6,2
75601,6,2
75607,6,2
75613,6,2
75619,6,2
75625,6,2
75631,6,2
75637,6,2
75643,6,2
75649,6,2
75655,6,2
75661,6,2
75667,6,2
75673,6,2
75679,6,2
75685,6,2
75691,6,2
75697,6,2
75703,6,2
75709,6,2
75715,6,2
75721,6,2
75727,6,2
75733,6,2
75739,6,2
75745,6,2
75751,6,2
75757,6,2
75763,6,2
75769,6,2
75775,6,2
75781,6,2
75787,6,2
75793,6,2
75799,6,2
75805,6,2
75811,6,2
75817,6,2
75823,6,2
75829,6,2
75835,6,2
75841,6,2
75847,6,2
75853,6,2
75859,6,2
75865,6,2
75871,6,2
75877,6,2
75883,6,2
75889,6,2
75895,6,2
75901,6,2
75907,6,2
75913,6,2
75919,6,2
75925,6,2
75931,6,2
75937,6,2
75943,6,2
75949,6,2
75955,6,2
75961,6,2
75967,6,2
75973,6,2
75979,6,2
75985,6,2
75991,6,2
75997,6,2
76003,6,2
76009,6,2
76015,6,2
76021,6,2
76027,6,2
76033,6,2
76039,6,2
76045,6,2
76051,6,2
76057,6,2
76063,6,2
76069,6,2
76075,6,2
76081,6,2
76087,6,2
76093,6,2
76099,6,2
76105,6,2
76111,6,2
76117,6,2
76123,6,2
76129,6,2
76135,6,2
76141,6,2
76147,6,2
76153,6,2
76159,6,2
76165,6,2
76171,6,2
76177,6,2
76183,6,2
76189,6,2
76195,6,2
76201,6,2
76207,6,2
76213,6,2
76219,6,2
76225,6,2
76231,6,2
76237,6,2
76243,6,2
76249,6,2
76255,6,2
76261,6,2
76267,6,2
76273,6,2
76279,6,2
76285,6,2
76291,6,2
76297,6,2
76303,6,2
76309,6,2
76315,6,2
76321,6,2
76327,6,2
76333,6,2
76339,6,2
76345,6,2
76351,6,2
76357,6,2
76363,6,2
76369,6,2
76375,6,2
76381,6,2
76387,6,2
76393,6,2
76399,6,2
76405,6,2
76411,6,2
76417,6,2
76423,6,2
76429,6,2
76435,6,2
76441,6,2
76447,6,2
76453,6,2
76459,6,2
76465,6,2
76471,6,2
76477,6,2
76483,6,2
76489,6,2
76495,6,2
76501,6,2
76507,6,2
76513,6,2
76519,6,2
76525,6,2
76531,6,2
76537,6,2
76543,6,2
76549,6,2
76555,6,2
76561,6,2
76567,6,2
76573,6,2
76579,6,2
76585,6,2
76591,6,2
76597,6,2
76603,6,2
76609,6,2
76615,6,2
76621,6,2
76627,6,2
76633,6,2
76639,6,2
76645,6,2
76651,6,2
76657,6,2
76663,6,2
76669,6,2
76675,6,2
76681,6,2
76687,6,2
76693,6,2
76699,6,2
76705,6,2
76711,6,2
76717,6,2
76723,6,2
76729,6,2
76735,6,2
76741,6,2
76747,6,2
76753,6,2
76759,6,2
76765,6,2
76771,6,2
76777,6,2
76783,6,2
76789,6,2
76795,6,2
76801,6,2
76807,6,2
76813,6,2
76819,6,2
76825,6,2
76831,6,2
76837,6,2
76843,6,2
76849,6,2
76855,6,2
76861,6,2
76867,6,2
76873,6,2
76879,6,2
76885,6,2
76891,6,2
76897,6,2
76903,6,2
76909,6,2
76915,6,2
76921,6,2
76927,6,2
76933,6,2
76939,6,2
76945,6,2
76951,6,2
76957,6,2
76963,6,2
76969,6,2
76975,6,2
76981,6,2
76987,6,2
76993,6,2
76999,6,2
77005,6,2
77011,6,2
77017,6,2
77023,6,2
77029,6,2
77035,6,2
77041,6,2
77047,6,2
77053,6,2
77059,6,2
77065,6,2
77071,6,2
77077,6,2
77083,6,2
77089,6,2
77095,6,2
77101,6,2
77107,6,2
77113,6,2
77119,6,2
77125,6,2
77131,6,2
77137,6,2
77143,6,2
77149,6,2
77155,6,2
77161,6,2
77167,6,2
77173,6,2
77179,6,2
77185,6,2
77191,6,2
77197,6,2
77203,6,2
77209,6,2
77215,6,2
77221,6,2
77227,6,2
77233,6,2
77239,6,2
77245,6,2
77251,6,2
77257,6,2
77263,6,2
77269,6,2
77275,6,2
77281,6,2
77287,6,2
77293,6,2
77299,6,2
77305,6,2
77311,6,2
77317,6,2
77323,6,2
77329,6,2
77335,6,2
77341,6,2
77347,6,2
77353,6,2
77359,6,2
77365,6,2
77371,6,2
77377,6,2
77383,6,2
77389,6,2
77395,6,2
77401,6,2
77407,6,2
77413,6,2
77419,6,2
77425,6,2
77431,6,2
77437,6,2
77443,6,2
77449,6,2
77455,6,2
77461,6,2
77467,6,2
77473,6,2
77479,6,2
77485,6,2
77491,6,2
77497,6,2
77503,6,2
77509,6,2
77515,6,2
77521,6,2
77527,6,2
77533,6,2
77539,6,2
77545,6,2
77551,6,2
77557,6,2
77563,6,2
77569,6,2
77575,6,2
77581,6,2
77587,6,2
77593,6,2
77599,6,2
77605,6,2
77611,6,2
77617,6,2
77623,6,2
77629,6,2
77635,6,2
77641,6,2
77647,6,2
77653,6,2
77659,6,2
77665,6,2
77671,6,2
77677,6,2
77683,6,2
77689,6,2
77695,6,2
77701,6,2
77707,6,2
77713,6,2
77719,6,2
77725,6,2
77731,6,2
77737,6,2
77743,6,2
77749,6,2
77755,6,2
77761,6,2
77767,6,2
77773,6,2
77779,6,2
77785,6,2
77791,6,2
77797,6,2
77803,6,2
77809,6,2
77815,6,2
77821,6,2
77827,6,2
77833,6,2
77839,6,2
77845,6,2
77851,6,2
77857,6,2
77863,6,2
77869,6,2
77875,6,2
77881,6,2
77887,6,2
77893,6,2
77899,6,2
77905,6,2
77911,6,2
77917,6,2
77923,6,2
77929,6,2
77935,6,2
77941,6,2
77947,6,2
77953,6,2
77959,6,2
77965,6,2
77971,6,2
77977,6,2
77983,6,2
77989,6,2
77995,6,2
78001,6,2
78007,6,2
78013,6,2
78019,6,2
78025,6,2
78031,6,2
78037,6,2
78043,6,2
78049,6,2
78055,6,2
78061,6,2
78067,6,2
78073,6,2
78079,6,2
78085,6,2
78091,6,2
78097,6,2
78103,6,2
78109,6,2
78115,6,2
78121,6,2
78127,6,2
78133,6,2
78139,6,2
78145,6,2
78151,6,2
78157,6,2
78163,6,2
78169,6,2
78175,6,2
78181,6,2
78187,6,2
78193,6,2
78199,6,2
78205,6,2
78211,6,2
78217,6,2
78223,6,2
78229,6,2
78235,6,2
78241,6,2
78247,6,2
78253,6,2
78259,6,2
78265,6,2
78271,6,2
78277,6,2
78283,6,2
78289,6,2
78295,6,2
78301,6,2
78307,6,2
78313,6,2
78319,6,2
78325,6,2
78331,6,2
78337,6,2
78343,6,2
78349,6,2
78355,6,2
78361,6,2
78367,6,2
78373,6,2
78379,6,2
78385,6,2
78391,6,2
78397,6,2
78403,6,2
78409,6,2
78415,6,2
78421,6,2
78427,6,2
78433,6,2
78439,6,2
78445,6,2
78451,6,2
78457,6,2
78463,6,2
78469,6,2
78475,6,2
78481,6,2
78487,6,2
78493,6,2
78499,6,2
78505,6,2
78511,6,2
78517,6,2
78523,6,2
78529,6,2
78535,6,2
78541,6,2
78547,6,2
78553,6,2
78559,6,2
78565,6,2
78571,6,2
78577,6,2
78583,6,2
78589,6,2
78595,6,2
78601,6,2
78607,6,2
78613,6,2
78619,6,2
78625,6,2
78631,6,2
78637,6,2
78643,6,2
78649,6,2
78655,6,2
78661,6,2
78667,6,2
78673,6,2
78679,6,2
78685,6,2
78691,6,2
78697,6,2
78703,6,2
78709,6,2
78715,6,2
78721,6,2
78727,6,2
78733,6,2
78739,6,2
78745,6,2
78751,6,2
78757,6,2
78763,6,2
78769,6,2
78775,6,2
78781,6,2
78787,6,2
78793,6,2
78799,6,2
78805,6,2
78811,6,2
78817,6,2
78823,6,2
78829,6,2
78835,6,2
78841,6,2
78847,6,2
78853,6,2
78859,6,2
78865,6,2
78871,6,2
78877,6,2
78883,6,2
78889,6,2
78895,6,2
78901,6,2
78907,6,2
78913,6,2
78919,6,2
78925,6,2
78931,6,2
78937,6,2
78943,6,2
78949,6,2
78955,6,2
78961,6,2
78967,6,2
78973,6,2
78979,6,2
78985,6,2
78991,6,2
78997,6,2
79003,6,2
79009,6,2
79015,6,2
79021,6,2
79027,6,2
79033,6,2
79039,6,2
79045,6,2
79051,6,2
79057,6,2
79063,6,2
79069,6,2
79075,6,2
79081,6,2
79087,6,2
79093,6,2
79099,6,2
79105,6,2
79111,6,2
79117,6,2
79123,6,2
79129,6,2
79135,6,2
79141,6,2
79147,6,2
79153,6,2
79159,6,2
79165,6,2
79171,6,2
79177,6,2
79183,6,2
79189,6,2
79195,6,2
79201,6,2
79207,6,2
79213,6,2
79219,6,2
79225,6,2
79231,6,2
79237,6,2
79243,6,2
79249,6,2
79255,6,2
79261,6,2
79267,6,2
79273,6,2
79279,6,2
79285,6,2
79291,6,2
79297,6,2
79303,6,2
79309,6,2
79315,6,2
79321,6,2
79327,6,2
79333,6,2
79339,6,2
79345,6,2
79351,6,2
79357,6,2
79363,6,2
79369,6,2
79375,6,2
79381,6,2
79387,6,2
79393,6,2
79399,6,2
79405,6,2
79411,6,2
79417,6,2
79423,6,2
79429,6,2
79435,6,2
79441,6,2
79447,6,2
79453,6,2
79459,6,2
79465,6,2
79471,6,2
79477,6,2
79483,6,2
79489,6,2
79495,6,2
79501,6,2
79507,6,2
79513,6,2
79519,6,2
79525,6,2
79531,6,2
79537,6,2
79543,6,2
79549,6,2
79555,6,2
79561,6,2
79567,6,2
79573,6,2
79579,6,2
79585,6,2
79591,6,2
79597,6,2
79603,6,2
79609,6,2
79615,6,2
79621,6,2
79627,6,2
79633,6,2
79639,6,2
79645,6,2
79651,6,2
79657,6,2
79663,6,2
79669,6,2
79675,6,2
79681,6,2
79687,6,2
79693,6,2
79699,6,2
79705,6,2
79711,6,2
79717,6,2
79723,6,2
79729,6,2
79735,6,2
79741,6,2
79747,6,2
79753,6,2
79759,6,2
79765,6,2
79771,6,2
79777,6,2
79783,6,2
79789,6,2
79795,6,2
79801,6,2
79807,6,2
79813,6,2
79819,6,2
79825,6,2
79831,6,2
79837,6,2
79843,6,2
79849,6,2
79855,6,2
79861,6,2
79867,6,2
79873,6,2
79879,6,2
79885,6,2
79891,6,2
79897,6,2
79903,6,2
79909,6,2
79915,6,2
79921,6,2
79927,6,2
79933,6,2
79939,6,2
79945,6,2
79951,6,2
79957,6,2
79963,6,2
79969,6,2
79975,6,2
79981,6,2
79987,6,2
79993,6,2
79999,6,2
80005,6,2
80011,6,2
80017,6,2
80023,6,2
80029,6,2
80035,6,2
80041,6,2
80047,6,2
80053,6,2
80059,6,2
80065,6,2
80071,6,2
80077,6,2
80083,6,2
80089,6,2
80095,6,2
80101,6,2
80107,6,2
80113,6,2
80119,6,2
80125,6,2
80131,6,2
80137,6,2
80143,6,2
80149,6,2
80155,6,2
80161,6,2
80167,6,2
80173,6,2
80179,6,2
80185,6,2
80191,6,2
80197,6,2
80203,6,2
80209,6,2
80215,6,2
80221,6,2
80227,6,2
80233,6,2
80239,6,2
80245,6,2
80251,6,2
80257,6,2
80263,6,2
80269,6,2
80275,6,2
80281,6,2
80287,6,2
80293,6,2
80299,6,2
80305,6,2
80311,6,2
80317,6,2
80323,6,2
80329,6,2
80335,6,2
80341,6,2
80347,6,2
80353,6,2
80359,6,2
80365,6,2
80371,6,2
80377,6,2
80383,6,2
80389,6,2
80395,6,2
80401,6,2
80407,6,2
80413,6,2
80419,6,2
80425,6,2
80431,6,2
80437,6,2
80443,6,2
80449,6,2
80455,6,2
80461,6,2
80467,6,2
80473,6,2
80479,6,2
80485,6,2
80491,6,2
80497,6,2
80503,6,2
80509,6,2
80515,6,2
80521,6,2
80527,6,2
80533,6,2
80539,6,2
80545,6,2
80551,6,2
80557,6,2
80563,6,2
80569,6,2
80575,6,2
80581,6,2
80587,6,2
80593,6,2
80599,6,2
80605,6,2
80611,6,2
80617,6,2
80623,6,2
80629,6,2
80635,6,2
80641,6,2
80647,6,2
80653,6,2
80659,6,2
80665,6,2
80671,6,2
80677,6,2
80683,6,2
80689,6,2
80695,6,2
80701,6,2
80707,6,2
80713,6,2
80719,6,2
80725,6,2
80731,6,2
80737,6,2
80743,6,2
80749,6,2
80755,6,2
80761,6,2
80767,6,2
80773,6,2
80779,6,2
80785,6,2
80791,6,2
80797,6,2
80803,6,2
80809,6,2
80815,6,2
80821,6,2
80827,6,2
80833,6,2
80839,6,2
80845,6,2
80851,6,2
80857,6,2
80863,6,2
80869,6,2
80875,6,2
80881,6,2
80887,6,2
80893,6,2
80899,6,2
80905,6,2
80911,6,2
80917,6,2
80923,6,2
80929,6,2
80935,6,2
80941,6,2
80947,6,2
80953,6,2
80959,6,2
80965,6,2
80971,6,2
80977,6,2
80983,6,2
80989,6,2
80995,6,2
81001,6,2
81007,6,2
81013,6,2
81019,6,2
81025,6,2
81031,6,2
81037,6,2
81043,6,2
81049,6,2
81055,6,2
81061,6,2
81067,6,2
81073,6,2
81079,6,2
81085,6,2
81091,6,2
81097,6,2
81103,6,2
81109,6,2
81115,6,2
81121,6,2
81127,6,2
81133,6,2
81139,6,2
81145,6,2
81151,6,2
81157,6,2
81163,6,2
81169,6,2
81175,6,2
81181,6,2
81187,6,2
81193,6,2
81199,6,2
81205,6,2
81211,6,2
81217,6,2
81223,6,2
81229,6,2
81235,6,2
81241,6,2
81247,6,2
81253,6,2
81259,6,2
81265,6,2
81271,6,2
81277,6,2
81283,6,2
81289,6,2
81295,6,2
81301,6,2
81307,6,2
81313,6,2
81319,6,2
81325,6,2
81331,6,2
81337,6,2
81343,6,2
81349,6,2
81355,6,2
81361,6,2
81367,6,2
81373,6,2
81379,6,2
81385,6,2
81391,6,2
81397,6,2
81403,6,2
81409,6,2
81415,6,2
81421,6,2
81427,6,2
81433,6,2
81439,6,2
81445,6,2
81451,6,2
81457,6,2
81463,6,2
81469,6,2
81475,6,2
81481,6,2
81487,6,2
81493,6,2
81499,6,2
81505,6,2
81511,6,2
81517,6,2
81523,6,2
81529,6,2
81535,6,2
81541,6,2
81547,6,2
81553,6,2
81559,6,2
81565,6,2
81571,6,2
81577,6,2
81583,6,2
81589,6,2
81595,6,2
81601,6,2
81607,6,2
81613,6,2
81619,6,2
81625,6,2
81631,6,2
81637,6,2
81643,6,2
81649,6,2
81655,6,2
81661,6,2
81667,6,2
81673,6,2
81679,6,2
81685,6,2
81691,6,2
81697,6,2
81703,6,2
81709,6,2
81715,6,2
81721,6,2
81727,6,2
81733,6,2
81739,6,2
81745,6,2
81751,6,2
81757,6,2
81763,6,2
81769,6,2
81775,6,2
81781,6,2
81787,6,2
81793,6,2
81799,6,2
81805,6,2
81811,6,2
81817,6,2
81823,6,2
81829,6,2
81835,6,2
81841,6,2
81847,6,2
81853,6,2
81859,6,2
81865,6,2
81871,6,2
81877,6,2
81883,6,2
81889,6,2
81895,6,2
81901,6,2
81907,6,2
81913,6,2
81919,6,2
81925,6,2
81931,6,2
81937,6,2
81943,6,2
81949,6,2
81955,6,2
81961,6,2
81967,6,2
81973,6,2
81979,6,2
81985,6,2
81991,6,2
81997,6,2
82003,6,2
82009,6,2
82015,6,2
82021,6,2
82027,6,2
82033,6,2
82039,6,2
82045,6,2
82051,6,2
82057,6,2
82063,6,2
82069,6,2
82075,6,2
82081,6,2
82087,6,2
82093,6,2
82099,6,2
82105,6,2
82111,6,2
82117,6,2
82123,6,2
82129,6,2
82135,6,2
82141,6,2
82147,6,2
82153,6,2
82159,6,2
82165,6,2
82171,6,2
82177,6,2
82183,6,2
82189,6,2
82195,6,2
82201,6,2
82207,6,2
82213,6,2
82219,6,2
82225,6,2
82231,6,2
82237,6,2
82243,6,2
82249,6,2
82255,6,2
82261,6,2
82267,6,2
82273,6,2
82279,6,2
82285,6,2
82291,6,2
82297,6,2
82303,6,2
82309,6,2
82315,6,2
82321,6,2
82327,6,2
82333,6,2
82339,6,2
82345,6,2
82351,6,2
82357,6,2
82363,6,2
82369,6,2
82375,6,2
82381,6,2
82387,6,2
82393,6,2
82399,6,2
82405,6,2
82411,6,2
82417,6,2
82423,6,2
82429,6,2
82435,6,2
82441,6,2
82447,6,2
82453,6,2
82459,6,2
82465,6,2
82471,6,2
82477,6,2
82483,6,2
82489,6,2
82495,6,2
82501,6,2
82507,6,2
82513,6,2
82519,6,2
82525,6,2
82531,6,2
82537,6,2
82543,6,2
82549,6,2
82555,6,2
82561,6,2
82567,6,2
82573,6,2
82579,6,2
82585,6,2
82591,6,2
82597,6,2
82603,6,2
82609,6,2
82615,6,2
82621,6,2
82627,6,2
82633,6,2
82639,6,2
82645,6,2
82651,6,2
82657,6,2
82663,6,2
82669,6,2
82675,6,2
82681,6,2
82687,6,2
82693,6,2
82699,6,2
82705,6,2
82711,6,2
82717,6,2
82723,6,2
82729,6,2
82735,6,2
82741,6,2
82747,6,2
82753,6,2
82759,6,2
82765,6,2
82771,6,2
82777,6,2
82783,6,2
82789,6,2
82795,6,2
82801,6,2
82807,6,2
82813,6,2
82819,6,2
82825,6,2
82831,6,2
82837,6,2
82843,6,2
82849,6,2
82855,6,2
82861,6,2
82867,6,2
82873,6,2
82879,6,2
82885,6,2
82891,6,2
82897,6,2
82903,6,2
82909,6,2
82915,6,2
82921,6,2
82927,6,2
82933,6,2
82939,6,2
82945,6,2
82951,6,2
82957,6,2
82963,6,2
82969,6,2
82975,6,2
82981,6,2
82987,6,2
82993,6,2
82999,6,2
83005,6,2
83011,6,2
83017,6,2
83023,6,2
83029,6,2
83035,6,2
83041,6,2
83047,6,2
83053,6,2
83059,6,2
83065,6,2
83071,6,2
83077,6,2
83083,6,2
83089,6,2
83095,6,2
83101,6,2
83107,6,2
83113,6,2
83119,6,2
83125,6,2
83131,6,2
83137,6,2
83143,6,2
83149,6,2
83155,6,2
83161,6,2
83167,6,2
83173,6,2
83179,6,2
83185,6,2
83191,6,2
83197,6,2
83203,6,2
83209,6,2
83215,6,2
83221,6,2
83227,6,2
83233,6,2
83239,6,2
83245,6,2
83251,6,2
83257,6,2
83263,6,2
83269,6,2
83275,6,2
83281,6,2
83287,6,2
83293,6,2
83299,6,2
83305,6,2
83311,6,2
83317,6,2
83323,6,2
83329,6,2
83335,6,2
83341,6,2
83347,6,2
83353,6,2
83359,6,2
83365,6,2
83371,6,2
83377,6,2
83383,6,2
83389,6,2
83395,6,2
83401,6,2
83407,6,2
83413,6,2
83419,6,2
83425,6,2
83431,6,2
83437,6,2
83443,6,2
83449,6,2
83455,6,2
83461,6,2
83467,6,2
83473,6,2
83479,6,2
83485,6,2
83491,6,2
83497,6,2
83503,6,2
83509,6,2
83515,6,2
83521,6,2
83527,6,2
83533,6,2
83539,6,2
83545,6,2
83551,6,2
83557,6,2
83563,6,2
83569,6,2
83575,6,2
83581,6,2
83587,6,2
83593,6,2
83599,6,2
83605,6,2
83611,6,2
83617,6,2
83623,6,2
83629,6,2
83635,6,2
83641,6,2
83647,6,2
83653,6,2
83659,6,2
83665,6,2
83671,6,2
83677,6,2
83683,6,2
83689,6,2
83695,6,2
83701,6,2
83707,6,2
83713,6,2
83719,6,2
83725,6,2
83731,6,2
83737,6,2
83743,6,2
83749,6,2
83755,6,2
83761,6,2
83767,6,2
83773,6,2
83779,6,2
83785,6,2
83791,6,2
83797,6,2
83803,6,2
83809,6,2
83815,6,2
83821,6,2
83827,6,2
83833,6,2
83839,6,2
83845,6,2
83851,6,2
83857,6,2
83863,6,2
83869,6,2
83875,6,2
83881,6,2
83887,6,2
83893,6,2
83899,6,2
83905,6,2
83911,6,2
83917,6,2
83923,6,2
83929,6,2
83935,6,2
83941,6,2
83947,6,2
83953,6,2
83959,6,2
83965,6,2
83971,6,2
83977,6,2
83983,6,2
83989,6,2
83995,6,2
84001,6,2
84007,6,2
84013,6,2
84019,6,2
84025,6,2
84031,6,2
84037,6,2
84043,6,2
84049,6,2
84055,6,2
84061,6,2
84067,6,2
84073,6,2
84079,6,2
84085,6,2
84091,6,2
84097,6,2
84103,6,2
84109,6,2
84115,6,2
84121,6,2
84127,6,2
84133,6,2
84139,6,2
84145,6,2
84151,6,2
84157,6,2
84163,6,2
84169,6,2
84175,6,2
84181,6,2
84187,6,2
84193,6,2
84199,6,2
84205,6,2
84211,6,2
84217,6,2
84223,6,2
84229,6,2
84235,6,2
84241,6,2
84247,6,2
84253,6,2
84259,6,2
84265,6,2
84271,6,2
84277,6,2
84283,6,2
84289,6,2
84295,6,2
84301,6,2
84307,6,2
84313,6,2
84319,6,2
84325,6,2
84331,6,2
84337,6,2
84343,6,2
84349,6,2
84355,6,2
84361,6,2
84367,6,2
84373,6,2
84379,6,2
84385,6,2
84391,6,2
84397,6,2
84403,6,2
84409,6,2
84415,6,2
84421,6,2
84427,6,2
84433,6,2
84439,6,2
84445,6,2
84451,6,2
84457,6,2
84463,6,2
84469,6,2
84475,6,2
84481,6,2
84487,6,2
84493,6,2
84499,6,2
84505,6,2
84511,6,2
84517,6,2
84523,6,2
84529,6,2
84535,6,2
84541,6,2
84547,6,2
84553,6,2
84559,6,2
84565,6,2
84571,6,2
84577,6,2
84583,6,2
84589,6,2
84595,6,2
84601,6,2
84607,6,2
84613,6,2
84619,6,2
84625,6,2
84631,6,2
84637,6,2
84643,6,2
84649,6,2
