84650,6,2
84656,6,2
84662,6,2
84668,6,2
84674,6,2
84680,6,2
84686,6,2
84692,6,2
84698,6,2
84704,6,2
84710,6,2
84716,6,2
84722,6,2
84728,6,2
84734,6,2
84740,6,2
84746,6,2
84752,6,2
84758,6,2
84764,6,2
84770,6,2
84776,6,2
84782,6,2
84788,6,2
84794,6,2
84800,6,2
84806,6,2
84812,6,2
84818,6,2
84824,6,2
84830,6,2
84836,6,2
84842,6,2
84848,6,2
84854,6,2
84860,6,2
84866,6,2
84872,6,2
84878,6,2
84884,6,2
84890,6,2
84896,6,2
84902,6,2
84908,6,2
84914,6,2
84920,6,2
84926,6,2
84932,6,2
84938,6,2
84944,6,2
84950,6,2
84956,6,2
84962,6,2
84968,6,2
84974,6,2
84980,6,2
84986,6,2
84992,6,2
84998,6,2
85004,6,2
85010,6,2
85016,6,2
85022,6,2
85028,6,2
85034,6,2
85040,6,2
85046,6,2
85052,6,2
85058,6,2
85064,6,2
85070,6,2
85076,6,2
85082,6,2
85088,6,2
85094,6,2
85100,6,2
85106,6,2
85112,6,2
85118,6,2
85124,6,2
85130,6,2
85136,6,2
85142,6,2
85148,6,2
85154,6,2
85160,6,2
85166,6,2
85172,6,2
85178,6,2
85184,6,2
85190,6,2
85196,6,2
85202,6,2
85208,6,2
85214,6,2
85220,6,2
85226,6,2
85232,6,2
85238,6,2
85244,6,2
85250,6,2
85256,6,2
85262,6,2
85268,6,2
85274,6,2
85280,6,2
85286,6,2
85292,6,2
85298,6,2
85304,6,2
85310,6,2
85316,6,2
85322,6,2
85328,6,2
85334,6,2
85340,6,2
85346,6,2
85352,6,2
85358,6,2
85364,6,2
85370,6,2
85376,6,2
85382,6,2
85388,6,2
85394,6,2
85400,6,2
85406,6,2
85412,6,2
85418,6,2
85424,6,2
85430,6,2
85436,6,2
85442,6,2
85448,6,2
85454,6,2
85460,6,2
85466,6,2
85472,6,2
85478,6,2
85484,6,2
85490,6,2
85496,6,2
85502,6,2
85508,6,2
85514,6,2
85520,6,2
85526,6,2
85532,6,2
85538,6,2
85544,6,2
85550,6,2
85556,6,2
85562,6,2
85568,6,2
85574,6,2
85580,6,2
85586,6,2
85592,6,2
85598,6,2
85604,6,2
85610,6,2
85616,6,2
85622,6,2
85628,6,2
85634,6,2
85640,6,2
85646,6,2
85652,6,2
85658,6,2
85664,6,2
85670,6,2
85676,6,2
85682,6,2
85688,6,2
85694,6,2
85700,6,2
85706,6,2
85712,6,2
85718,6,2
85724,6,2
85730,6,2
85736,6,2
85742,6,2
85748,6,2
85754,6,2
85760,6,2
85766,6,2
85772,6,2
85778,6,2
85784,6,2
85790,6,2
85796,6,2
85802,6,2
85808,6,2
85814,6,2
85820,6,2
85826,6,2
85832,6,2
85838,6,2
85844,6,2
85850,6,2
85856,6,2
85862,6,2
85868,6,2
85874,6,2
85880,6,2
85886,6,2
85892,6,2
85898,6,2
85904,6,2
85910,6,2
85916,6,2
85922,6,2
85928,6,2
85934,6,2
85940,6,2
85946,6,2
85952,6,2
85958,6,2
85964,6,2
85970,6,2
85976,6,2
85982,6,2
85988,6,2
85994,6,2
86000,6,2
86006,6,2
86012,6,2
86018,6,2
86024,6,2
86030,6,2
86036,6,2
86042,6,2
86048,6,2
86054,6,2
86060,6,2
86066,6,2
86072,6,2
86078,6,2
86084,6,2
86090,6,2
86096,6,2
86102,6,2
86108,6,2
86114,6,2
86120,6,2
86126,6,2
86132,6,2
86138,6,2
86144,6,2
86150,6,2
86156,6,2
86162,6,2
86168,6,2
86174,6,2
86180,6,2
86186,6,2
86192,6,2
86198,6,2
86204,6,2
86210,6,2
86216,6,2
86222,6,2
86228,6,2
86234,6,2
86240,6,2
86246,6,2
86252,6,2
86258,6,2
86264,6,2
86270,6,2
86276,6,2
86282,6,2
86288,6,2
86294,6,2
86300,6,2
86306,6,2
86312,6,2
86318,6,2
86324,6,2
86330,6,2
86336,6,2
86342,6,2
86348,6,2
86354,6,2
86360,6,2
86366,6,2
86372,6,2
86378,6,2
86384,6,2
86390,6,2
86396,6,2
86402,6,2
86408,6,2
86414,6,2
86420,6,2
86426,6,2
86432,6,2
86438,6,2
86444,6,2
86450,6,2
86456,6,2
86462,6,2
86468,6,2
86474,6,2
86480,6,2
86486,6,2
86492,6,2
86498,6,2
86504,6,2
86510,6,2
86516,6,2
86522,6,2
86528,6,2
86534,6,2
86540,6,2
86546,6,2
86552,6,2
86558,6,2
86564,6,2
86570,6,2
86576,6,2
86582,6,2
86588,6,2
86594,6,2
86600,6,2
86606,6,2
86612,6,2
86618,6,2
86624,6,2
86630,6,2
86636,6,2
86642,6,2
86648,6,2
86654,6,2
86660,6,2
86666,6,2
86672,6,2
86678,6,2
86684,6,2
86690,6,2
86696,6,2
86702,6,2
86708,6,2
86714,6,2
86720,6,2
86726,6,2
86732,6,2
86738,6,2
86744,6,2
86750,6,2
86756,6,2
86762,6,2
86768,6,2
86774,6,2
86780,6,2
86786,6,2
86792,6,2
86798,6,2
86804,6,2
86810,6,2
86816,6,2
86822,6,2
86828,6,2
86834,6,2
86840,6,2
86846,6,2
86852,6,2
86858,6,2
86864,6,2
86870,6,2
86876,6,2
86882,6,2
86888,6,2
86894,6,2
86900,6,2
86906,6,2
86912,6,2
86918,6,2
86924,6,2
86930,6,2
86936,6,2
86942,6,2
86948,6,2
86954,6,2
86960,6,2
86966,6,2
86972,6,2
86978,6,2
86984,6,2
86990,6,2
86996,6,2
87002,6,2
87008,6,2
87014,6,2
87020,6,2
87026,6,2
87032,6,2
87038,6,2
87044,6,2
87050,6,2
87056,6,2
87062,6,2
87068,6,2
87074,6,2
87080,6,2
87086,6,2
87092,6,2
87098,6,2
87104,6,2
87110,6,2
87116,6,2
87122,6,2
87128,6,2
87134,6,2
87140,6,2
87146,6,2
87152,6,2
87158,6,2
87164,6,2
87170,6,2
87176,6,2
87182,6,2
87188,6,2
87194,6,2
87200,6,2
87206,6,2
87212,6,2
87218,6,2
87224,6,2
87230,6,2
87236,6,2
87242,6,2
87248,6,2
87254,6,2
87260,6,2
87266,6,2
87272,6,2
87278,6,2
87284,6,2
87290,6,2
87296,6,2
87302,6,2
87308,6,2
87314,6,2
87320,6,2
87326,6,2
87332,6,2
87338,6,2
87344,6,2
87350,6,2
87356,6,2
87362,6,2
87368,6,2
87374,6,2
87380,6,2
87386,6,2
87392,6,2
87398,6,2
87404,6,2
87410,6,2
87416,6,2
87422,6,2
87428,6,2
87434,6,2
87440,6,2
87446,6,2
87452,6,2
87458,6,2
87464,6,2
87470,6,2
87476,6,2
87482,6,2
87488,6,2
87494,6,2
87500,6,2
87506,6,2
87512,6,2
87518,6,2
87524,6,2
87530,6,2
87536,6,2
87542,6,2
87548,6,2
87554,6,2
87560,6,2
87566,6,2
87572,6,2
87578,6,2
87584,6,2
87590,6,2
87596,6,2
87602,6,2
87608,6,2
87614,6,2
87620,6,2
87626,6,2
87632,6,2
87638,6,2
87644,6,2
87650,6,2
87656,6,2
87662,6,2
87668,6,2
87674,6,2
87680,6,2
87686,6,2
87692,6,2
87698,6,2
87704,6,2
87710,6,2
87716,6,2
87722,6,2
87728,6,2
87734,6,2
87740,6,2
87746,6,2
87752,6,2
87758,6,2
87764,6,2
87770,6,2
87776,6,2
87782,6,2
87788,6,2
87794,6,2
87800,6,2
87806,6,2
87812,6,2
87818,6,2
87824,6,2
87830,6,2
87836,6,2
87842,6,2
87848,6,2
87854,6,2
87860,6,2
87866,6,2
87872,6,2
87878,6,2
87884,6,2
87890,6,2
87896,6,2
87902,6,2
87908,6,2
87914,6,2
87920,6,2
87926,6,2
87932,6,2
87938,6,2
87944,6,2
87950,6,2
87956,6,2
87962,6,2
87968,6,2
87974,6,2
87980,6,2
87986,6,2
87992,6,2
87998,6,2
88004,6,2
88010,6,2
88016,6,2
88022,6,2
88028,6,2
88034,6,2
88040,6,2
88046,6,2
88052,6,2
88058,6,2
88064,6,2
88070,6,2
88076,6,2
88082,6,2
88088,6,2
88094,6,2
88100,6,2
88106,6,2
88112,6,2
88118,6,2
88124,6,2
88130,6,2
88136,6,2
88142,6,2
88148,6,2
88154,6,2
88160,6,2
88166,6,2
88172,6,2
88178,6,2
88184,6,2
88190,6,2
88196,6,2
88202,6,2
88208,6,2
88214,6,2
88220,6,2
88226,6,2
88232,6,2
88238,6,2
88244,6,2
88250,6,2
88256,6,2
88262,6,2
88268,6,2
88274,6,2
88280,6,2
88286,6,2
88292,6,2
88298,6,2
88304,6,2
88310,6,2
88316,6,2
88322,6,2
88328,6,2
88334,6,2
88340,6,2
88346,6,2
88352,6,2
88358,6,2
88364,6,2
88370,6,2
88376,6,2
88382,6,2
88388,6,2
88394,6,2
88400,6,2
88406,6,2
88412,6,2
88418,6,2
88424,6,2
88430,6,2
88436,6,2
88442,6,2
88448,6,2
88454,6,2
88460,6,2
88466,6,2
88472,6,2
88478,6,2
88484,6,2
88490,6,2
88496,6,2
88502,6,2
88508,6,2
88514,6,2
88520,6,2
88526,6,2
88532,6,2
88538,6,2
88544,6,2
88550,6,2
88556,6,2
88562,6,2
88568,6,2
88574,6,2
88580,6,2
88586,6,2
88592,6,2
88598,6,2
88604,6,2
88610,6,2
88616,6,2
88622,6,2
88628,6,2
88634,6,2
88640,6,2
88646,6,2
88652,6,2
88658,6,2
88664,6,2
88670,6,2
88676,6,2
88682,6,2
88688,6,2
88694,6,2
88700,6,2
88706,6,2
88712,6,2
88718,6,2
88724,6,2
88730,6,2
88736,6,2
88742,6,2
88748,6,2
88754,6,2
88760,6,2
88766,6,2
88772,6,2
88778,6,2
88784,6,2
88790,6,2
88796,6,2
88802,6,2
88808,6,2
88814,6,2
88820,6,2
88826,6,2
88832,6,2
88838,6,2
88844,6,2
88850,6,2
88856,6,2
88862,6,2
88868,6,2
88874,6,2
88880,6,2
88886,6,2
88892,6,2
88898,6,2
88904,6,2
88910,6,2
88916,6,2
88922,6,2
88928,6,2
88934,6,2
88940,6,2
88946,6,2
88952,6,2
88958,6,2
88964,6,2
88970,6,2
88976,6,2
88982,6,2
88988,6,2
88994,6,2
89000,6,2
89006,6,2
89012,6,2
89018,6,2
89024,6,2
89030,6,2
89036,6,2
89042,6,2
89048,6,2
89054,6,2
89060,6,2
89066,6,2
89072,6,2
89078,6,2
89084,6,2
89090,6,2
89096,6,2
89102,6,2
89108,6,2
89114,6,2
89120,6,2
89126,6,2
89132,6,2
89138,6,2
89144,6,2
89150,6,2
89156,6,2
89162,6,2
89168,6,2
89174,6,2
89180,6,2
89186,6,2
89192,6,2
89198,6,2
89204,6,2
89210,6,2
89216,6,2
89222,6,2
89228,6,2
89234,6,2
89240,6,2
89246,6,2
89252,6,2
89258,6,2
89264,6,2
89270,6,2
89276,6,2
89282,6,2
89288,6,2
89294,6,2
89300,6,2
89306,6,2
89312,6,2
89318,6,2
89324,6,2
89330,6,2
89336,6,2
89342,6,2
89348,6,2
89354,6,2
89360,6,2
89366,6,2
89372,6,2
89378,6,2
89384,6,2
89390,6,2
89396,6,2
89402,6,2
89408,6,2
89414,6,2
89420,6,2
89426,6,2
89432,6,2
89438,6,2
89444,6,2
89450,6,2
89456,6,2
89462,6,2
89468,6,2
89474,6,2
89480,6,2
89486,6,2
89492,6,2
89498,6,2
89504,6,2
89510,6,2
89516,6,2
89522,6,2
89528,6,2
89534,6,2
89540,6,2
89546,6,2
89552,6,2
89558,6,2
89564,6,2
89570,6,2
89576,6,2
89582,6,2
89588,6,2
89594,6,2
89600,6,2
89606,6,2
89612,6,2
89618,6,2
89624,6,2
89630,6,2
89636,6,2
89642,6,2
89648,6,2
89654,6,2
89660,6,2
89666,6,2
89672,6,2
89678,6,2
89684,6,2
89690,6,2
89696,6,2
89702,6,2
89708,6,2
89714,6,2
89720,6,2
89726,6,2
89732,6,2
89738,6,2
89744,6,2
89750,6,2
89756,6,2
89762,6,2
89768,6,2
89774,6,2
89780,6,2
89786,6,2
89792,6,2
89798,6,2
89804,6,2
89810,6,2
89816,6,2
89822,6,2
89828,6,2
89834,6,2
89840,6,2
89846,6,2
89852,6,2
89858,6,2
89864,6,2
89870,6,2
89876,6,2
89882,6,2
89888,6,2
89894,6,2
89900,6,2
89906,6,2
89912,6,2
89918,6,2
89924,6,2
89930,6,2
89936,6,2
89942,6,2
89948,6,2
89954,6,2
89960,6,2
89966,6,2
89972,6,2
89978,6,2
89984,6,2
89990,6,2
89996,6,2
90002,6,2
90008,6,2
90014,6,2
90020,6,2
90026,6,2
90032,6,2
90038,6,2
90044,6,2
90050,6,2
90056,6,2
90062,6,2
90068,6,2
90074,6,2
90080,6,2
90086,6,2
90092,6,2
90098,6,2
90104,6,2
90110,6,2
90116,6,2
90122,6,2
90128,6,2
90134,6,2
90140,6,2
90146,6,2
90152,6,2
90158,6,2
90164,6,2
90170,6,2
90176,6,2
90182,6,2
90188,6,2
90194,6,2
90200,6,2
90206,6,2
90212,6,2
90218,6,2
90224,6,2
90230,6,2
90236,6,2
90242,6,2
90248,6,2
90254,6,2
90260,6,2
90266,6,2
90272,6,2
90278,6,2
90284,6,2
90290,6,2
90296,6,2
90302,6,2
90308,6,2
90314,6,2
90320,6,2
90326,6,2
90332,6,2
90338,6,2
90344,6,2
90350,6,2
90356,6,2
90362,6,2
90368,6,2
90374,6,2
90380,6,2
90386,6,2
90392,6,2
90398,6,2
90404,6,2
90410,6,2
90416,6,2
90422,6,2
90428,6,2
90434,6,2
90440,6,2
90446,6,2
90452,6,2
90458,6,2
90464,6,2
90470,6,2
90476,6,2
90482,6,2
90488,6,2
90494,6,2
90500,6,2
90506,6,2
90512,6,2
90518,6,2
90524,6,2
90530,6,2
90536,6,2
90542,6,2
90548,6,2
90554,6,2
90560,6,2
90566,6,2
90572,6,2
90578,6,2
90584,6,2
90590,6,2
90596,6,2
90602,6,2
90608,6,2
90614,6,2
90620,6,2
90626,6,2
90632,6,2
90638,6,2
90644,6,2
90650,6,2
90656,6,2
90662,6,2
90668,6,2
90674,6,2
90680,6,2
90686,6,2
90692,6,2
90698,6,2
90704,6,2
90710,6,2
90716,6,2
90722,6,2
90728,6,2
90734,6,2
90740,6,2
90746,6,2
90752,6,2
90758,6,2
90764,6,2
90770,6,2
90776,6,2
90782,6,2
90788,6,2
90794,6,2
90800,6,2
90806,6,2
90812,6,2
90818,6,2
90824,6,2
90830,6,2
90836,6,2
90842,6,2
90848,6,2
90854,6,2
90860,6,2
90866,6,2
90872,6,2
90878,6,2
90884,6,2
90890,6,2
90896,6,2
90902,6,2
90908,6,2
90914,6,2
90920,6,2
90926,6,2
90932,6,2
90938,6,2
90944,6,2
90950,6,2
90956,6,2
90962,6,2
90968,6,2
90974,6,2
90980,6,2
90986,6,2
90992,6,2
90998,6,2
91004,6,2
91010,6,2
91016,6,2
91022,6,2
91028,6,2
91034,6,2
91040,6,2
91046,6,2
91052,6,2
91058,6,2
91064,6,2
91070,6,2
91076,6,2
91082,6,2
91088,6,2
91094,6,2
91100,6,2
91106,6,2
91112,6,2
91118,6,2
91124,6,2
91130,6,2
91136,6,2
91142,6,2
91148,6,2
91154,6,2
91160,6,2
91166,6,2
91172,6,2
91178,6,2
91184,6,2
91190,6,2
91196,6,2
91202,6,2
91208,6,2
91214,6,2
91220,6,2
91226,6,2
91232,6,2
91238,6,2
91244,6,2
91250,6,2
91256,6,2
91262,6,2
91268,6,2
91274,6,2
91280,6,2
91286,6,2
91292,6,2
91298,6,2
91304,6,2
91310,6,2
91316,6,2
91322,6,2
91328,6,2
91334,6,2
91340,6,2
91346,6,2
91352,6,2
91358,6,2
91364,6,2
91370,6,2
91376,6,2
91382,6,2
91388,6,2
91394,6,2
91400,6,2
91406,6,2
91412,6,2
91418,6,2
91424,6,2
91430,6,2
91436,6,2
91442,6,2
91448,6,2
91454,6,2
91460,6,2
91466,6,2
91472,6,2
91478,6,2
91484,6,2
91490,6,2
91496,6,2
91502,6,2
91508,6,2
91514,6,2
91520,6,2
91526,6,2
91532,6,2
91538,6,2
91544,6,2
91550,6,2
91556,6,2
91562,6,2
91568,6,2
91574,6,2
91580,6,2
91586,6,2
91592,6,2
91598,6,2
91604,6,2
91610,6,2
91616,6,2
91622,6,2
91628,6,2
91634,6,2
91640,6,2
91646,6,2
91652,6,2
91658,6,2
91664,6,2
91670,6,2
91676,6,2
91682,6,2
91688,6,2
91694,6,2
91700,6,2
91706,6,2
91712,6,2
91718,6,2
91724,6,2
91730,6,2
91736,6,2
91742,6,2
91748,6,2
91754,6,2
91760,6,2
91766,6,2
91772,6,2
91778,6,2
91784,6,2
91790,6,2
91796,6,2
91802,6,2
91808,6,2
91814,6,2
91820,6,2
91826,6,2
91832,6,2
91838,6,2
91844,6,2
91850,6,2
91856,6,2
91862,6,2
91868,6,2
91874,6,2
91880,6,2
91886,6,2
91892,6,2
91898,6,2
91904,6,2
91910,6,2
91916,6,2
91922,6,2
91928,6,2
91934,6,2
91940,6,2
91946,6,2
91952,6,2
91958,6,2
91964,6,2
91970,6,2
91976,6,2
91982,6,2
91988,6,2
91994,6,2
92000,6,2
92006,6,2
92012,6,2
92018,6,2
92024,6,2
92030,6,2
92036,6,2
92042,6,2
92048,6,2
92054,6,2
92060,6,2
92066,6,2
92072,6,2
92078,6,2
92084,6,2
92090,6,2
92096,6,2
92102,6,2
92108,6,2
92114,6,2
92120,6,2
92126,6,2
92132,6,2
92138,6,2
92144,6,2
92150,6,2
92156,6,2
92162,6,2
92168,6,2
92174,6,2
92180,6,2
92186,6,2
92192,6,2
92198,6,2
92204,6,2
92210,6,2
92216,6,2
92222,6,2
92228,6,2
92234,6,2
92240,6,2
92246,6,2
92252,6,2
92258,6,2
92264,6,2
92270,6,2
92276,6,2
92282,6,2
92288,6,2
92294,6,2
92300,6,2
92306,6,2
92312,6,2
92318,6,2
92324,6,2
92330,6,2
92336,6,2
92342,6,2
92348,6,2
92354,6,2
92360,6,2
92366,6,2
92372,6,2
92378,6,2
92384,6,2
92390,6,2
92396,6,2
92402,6,2
92408,6,2
92414,6,2
92420,6,2
92426,6,2
92432,6,2
92438,6,2
92444,6,2
92450,6,2
92456,6,2
92462,6,2
92468,6,2
92474,6,2
92480,6,2
92486,6,2
92492,6,2
92498,6,2
92504,6,2
92510,6,2
92516,6,2
92522,6,2
92528,6,2
92534,6,2
92540,6,2
92546,6,2
92552,6,2
92558,6,2
92564,6,2
92570,6,2
92576,6,2
92582,6,2
92588,6,2
92594,6,2
92600,6,2
92606,6,2
92612,6,2
92618,6,2
92624,6,2
92630,6,2
92636,6,2
92642,6,2
92648,6,2
92654,6,2
92660,6,2
92666,6,2
92672,6,2
92678,6,2
92684,6,2
92690,6,2
92696,6,2
92702,6,2
92708,6,2
92714,6,2
92720,6,2
92726,6,2
92732,6,2
92738,6,2
92744,6,2
92750,6,2
92756,6,2
92762,6,2
92768,6,2
92774,6,2
92780,6,2
92786,6,2
92792,6,2
92798,6,2
92804,6,2
92810,6,2
92816,6,2
92822,6,2
92828,6,2
92834,6,2
92840,6,2
92846,6,2
92852,6,2
92858,6,2
92864,6,2
92870,6,2
92876,6,2
92882,6,2
92888,6,2
92894,6,2
92900,6,2
92906,6,2
92912,6,2
92918,6,2
92924,6,2
92930,6,2
92936,6,2
92942,6,2
92948,6,2
92954,6,2
92960,6,2
92966,6,2
92972,6,2
92978,6,2
92984,6,2
92990,6,2
92996,6,2
93002,6,2
93008,6,2
93014,6,2
93020,6,2
93026,6,2
93032,6,2
93038,6,2
93044,6,2
93050,6,2
93056,6,2
93062,6,2
93068,6,2
93074,6,2
93080,6,2
93086,6,2
93092,6,2
93098,6,2
93104,6,2
93110,6,2
93116,6,2
93122,6,2
93128,6,2
93134,6,2
93140,6,2
93146,6,2
93152,6,2
93158,6,2
93164,6,2
93170,6,2
93176,6,2
93182,6,2
93188,6,2
93194,6,2
93200,6,2
93206,6,2
93212,6,2
93218,6,2
93224,6,2
93230,6,2
93236,6,2
93242,6,2
93248,6,2
93254,6,2
93260,6,2
93266,6,2
93272,6,2
93278,6,2
93284,6,2
93290,6,2
93296,6,2
93302,6,2
93308,6,2
93314,6,2
93320,6,2
93326,6,2
93332,6,2
93338,6,2
93344,6,2
93350,6,2
93356,6,2
93362,6,2
93368,6,2
93374,6,2
93380,6,2
93386,6,2
93392,6,2
93398,6,2
93404,6,2
93410,6,2
93416,6,2
93422,6,2
93428,6,2
93434,6,2
93440,6,2
93446,6,2
93452,6,2
93458,6,2
93464,6,2
93470,6,2
93476,6,2
93482,6,2
93488,6,2
93494,6,2
93500,6,2
93506,6,2
93512,6,2
93518,6,2
93524,6,2
93530,6,2
93536,6,2
93542,6,2
93548,6,2
93554,6,2
93560,6,2
93566,6,2
93572,6,2
93578,6,2
93584,6,2
93590,6,2
93596,6,2
93602,6,2
93608,6,2
93614,6,2
93620,6,2
93626,6,2
93632,6,2
93638,6,2
93644,6,2
93650,6,2
93656,6,2
93662,6,2
93668,6,2
93674,6,2
93680,6,2
93686,6,2
93692,6,2
93698,6,2
93704,6,2
93710,6,2
93716,6,2
93722,6,2
93728,6,2
93734,6,2
93740,6,2
93746,6,2
93752,6,2
93758,6,2
93764,6,2
93770,6,2
93776,6,2
93782,6,2
93788,6,2
93794,6,2
93800,6,2
93806,6,2
93812,6,2
93818,6,2
93824,6,2
93830,6,2
93836,6,2
93842,6,2
93848,6,2
93854,6,2
93860,6,2
93866,6,2
93872,6,2
93878,6,2
93884,6,2
93890,6,2
93896,6,2
93902,6,2
93908,6,2
93914,6,2
93920,6,2
93926,6,2
93932,6,2
93938,6,2
93944,6,2
93950,6,2
93956,6,2
93962,6,2
93968,6,2
93974,6,2
93980,6,2
93986,6,2
93992,6,2
93998,6,2
94004,6,2
94010,6,2
94016,6,2
94022,6,2
94028,6,2
94034,6,2
94040,6,2
94046,6,2
94052,6,2
94058,6,2
94064,6,2
94070,6,2
94076,6,2
94082,6,2
94088,6,2
94094,6,2
94100,6,2
94106,6,2
94112,6,2
94118,6,2
94124,6,2
94130,6,2
94136,6,2
94142,6,2
94148,6,2
94154,6,2
94160,6,2
94166,6,2
94172,6,2
94178,6,2
94184,6,2
94190,6,2
94196,6,2
94202,6,2
94208,6,2
94214,6,2
94220,6,2
94226,6,2
94232,6,2
94238,6,2
94244,6,2
94250,6,2
94256,6,2
94262,6,2
94268,6,2
94274,6,2
94280,6,2
94286,6,2
94292,6,2
94298,6,2
94304,6,2
94310,6,2
94316,6,2
94322,6,2
94328,6,2
94334,6,2
94340,6,2
94346,6,2
94352,6,2
94358,6,2
94364,6,2
94370,6,2
94376,6,2
94382,6,2
94388,6,2
94394,6,2
94400,6,2
94406,6,2
94412,6,2
94418,6,2
94424,6,2
94430,6,2
94436,6,2
94442,6,2
94448,6,2
94454,6,2
94460,6,2
94466,6,2
94472,6,2
94478,6,2
94484,6,2
94490,6,2
94496,6,2
94502,6,2
94508,6,2
94514,6,2
94520,6,2
94526,6,2
94532,6,2
94538,6,2
94544,6,2
94550,6,2
94556,6,2
94562,6,2
94568,6,2
94574,6,2
94580,6,2
94586,6,2
94592,6,2
94598,6,2
94604,6,2
94610,6,2
94616,6,2
94622,6,2
94628,6,2
94634,6,2
94640,6,2
94646,6,2
94652,6,2
94658,6,2
94664,6,2
94670,6,2
94676,6,2
94682,6,2
94688,6,2
94694,6,2
94700,6,2
94706,6,2
94712,6,2
94718,6,2
94724,6,2
94730,6,2
94736,6,2
94742,6,2
94748,6,2
94754,6,2
94760,6,2
94766,6,2
94772,6,2
94778,6,2
94784,6,2
94790,6,2
94796,6,2
94802,6,2
94808,6,2
94814,6,2
94820,6,2
94826,6,2
94832,6,2
94838,6,2
94844,6,2
94850,6,2
94856,6,2
94862,6,2
94868,6,2
94874,6,2
94880,6,2
94886,6,2
94892,6,2
94898,6,2
94904,6,2
94910,6,2
94916,6,2
94922,6,2
94928,6,2
94934,6,2
94940,6,2
94946,6,2
94952,6,2
94958,6,2
94964,6,2
94970,6,2
94976,6,2
94982,6,2
94988,6,2
94994,6,2
95000,6,2
95006,6,2
95012,6,2
95018,6,2
95024,6,2
95030,6,2
95036,6,2
95042,6,2
95048,6,2
95054,6,2
95060,6,2
95066,6,2
95072,6,2
95078,6,2
95084,6,2
95090,6,2
95096,6,2
95102,6,2
95108,6,2
95114,6,2
95120,6,2
95126,6,2
95132,6,2
95138,6,2
95144,6,2
95150,6,2
95156,6,2
95162,6,2
95168,6,2
95174,6,2
95180,6,2
95186,6,2
95192,6,2
95198,6,2
95204,6,2
95210,6,2
95216,6,2
95222,6,2
95228,6,2
95234,6,2
95240,6,2
95246,6,2
95252,6,2
95258,6,2
95264,6,2
95270,6,2
95276,6,2
95282,6,2
95288,6,2
95294,6,2
95300,6,2
95306,6,2
95312,6,2
95318,6,2
95324,6,2
95330,6,2
95336,6,2
95342,6,2
95348,6,2
95354,6,2
95360,6,2
95366,6,2
95372,6,2
95378,6,2
95384,6,2
95390,6,2
95396,6,2
95402,6,2
95408,6,2
95414,6,2
95420,6,2
95426,6,2
95432,6,2
95438,6,2
95444,6,2
95450,6,2
95456,6,2
95462,6,2
95468,6,2
95474,6,2
95480,6,2
95486,6,2
95492,6,2
95498,6,2
95504,6,2
95510,6,2
95516,6,2
95522,6,2
95528,6,2
95534,6,2
95540,6,2
95546,6,2
95552,6,2
95558,6,2
95564,6,2
95570,6,2
95576,6,2
95582,6,2
95588,6,2
95594,6,2
95600,6,2
95606,6,2
95612,6,2
95618,6,2
95624,6,2
95630,6,2
95636,6,2
95642,6,2
95648,6,2
95654,6,2
95660,6,2
95666,6,2
95672,6,2
95678,6,2
95684,6,2
95690,6,2
95696,6,2
95702,6,2
95708,6,2
95714,6,2
95720,6,2
95726,6,2
95732,6,2
95738,6,2
95744,6,2
95750,6,2
95756,6,2
95762,6,2
95768,6,2
95774,6,2
95780,6,2
95786,6,2
95792,6,2
95798,6,2
95804,6,2
95810,6,2
95816,6,2
95822,6,2
95828,6,2
95834,6,2
95840,6,2
95846,6,2
95852,6,2
95858,6,2
95864,6,2
95870,6,2
95876,6,2
95882,6,2
95888,6,2
95894,6,2
95900,6,2
95906,6,2
95912,6,2
95918,6,2
95924,6,2
95930,6,2
95936,6,2
95942,6,2
95948,6,2
95954,6,2
95960,6,2
95966,6,2
95972,6,2
95978,6,2
95984,6,2
95990,6,2
95996,6,2
96002,6,2
96008,6,2
96014,6,2
96020,6,2
96026,6,2
96032,6,2
96038,6,2
96044,6,2
96050,6,2
96056,6,2
96062,6,2
96068,6,2
96074,6,2
96080,6,2
96086,6,2
96092,6,2
96098,6,2
96104,6,2
96110,6,2
96116,6,2
96122,6,2
96128,6,2
96134,6,2
96140,6,2
96146,6,2
96152,6,2
96158,6,2
96164,6,2
96170,6,2
96176,6,2
96182,6,2
96188,6,2
96194,6,2
96200,6,2
96206,6,2
96212,6,2
96218,6,2
96224,6,2
96230,6,2
96236,6,2
96242,6,2
96248,6,2
96254,6,2
96260,6,2
96266,6,2
96272,6,2
96278,6,2
96284,6,2
96290,6,2
96296,6,2
96302,6,2
96308,6,2
96314,6,2
96320,6,2
96326,6,2
96332,6,2
96338,6,2
96344,6,2
96350,6,2
96356,6,2
96362,6,2
96368,6,2
96374,6,2
96380,6,2
96386,6,2
96392,6,2
96398,6,2
96404,6,2
96410,6,2
96416,6,2
96422,6,2
96428,6,2
96434,6,2
96440,6,2
96446,6,2
96452,6,2
96458,6,2
96464,6,2
96470,6,2
96476,6,2
96482,6,2
96488,6,2
96494,6,2
96500,6,2
96506,6,2
96512,6,2
96518,6,2
96524,6,2
96530,6,2
96536,6,2
96542,6,2
96548,6,2
96554,6,2
96560,6,2
96566,6,2
96572,6,2
96578,6,2
96584,6,2
96590,6,2
96596,6,2
96602,6,2
96608,6,2
96614,6,2
96620,6,2
96626,6,2
96632,6,2
96638,6,2
96644,6,2
96650,6,2
96656,6,2
96662,6,2
96668,6,2
96674,6,2
96680,6,2
96686,6,2
96692,6,2
96698,6,2
96704,6,2
96710,6,2
96716,6,2
96722,6,2
96728,6,2
96734,6,2
96740,6,2
96746,6,2
96752,6,2
96758,6,2
96764,6,2
96770,6,2
96776,6,2
96782,6,2
96788,6,2
96794,6,2
96800,6,2
96806,6,2
96812,6,2
96818,6,2
96824,6,2
96830,6,2
96836,6,2
96842,6,2
96848,6,2
96854,6,2
96860,6,2
96866,6,2
96872,6,2
96878,6,2
96884,6,2
96890,6,2
96896,6,2
96902,6,2
96908,6,2
96914,6,2
96920,6,2
96926,6,2
96932,6,2
96938,6,2
96944,6,2
96950,6,2
96956,6,2
96962,6,2
96968,6,2
96974,6,2
96980,6,2
96986,6,2
96992,6,2
96998,6,2
97004,6,2
97010,6,2
97016,6,2
97022,6,2
97028,6,2
97034,6,2
97040,6,2
97046,6,2
97052,6,2
97058,6,2
97064,6,2
97070,6,2
97076,6,2
97082,6,2
97088,6,2
97094,6,2
97100,6,2
97106,6,2
97112,6,2
97118,6,2
97124,6,2
97130,6,2
97136,6,2
97142,6,2
97148,6,2
97154,6,2
97160,6,2
97166,6,2
97172,6,2
97178,6,2
97184,6,2
97190,6,2
97196,6,2
97202,6,2
97208,6,2
97214,6,2
97220,6,2
97226,6,2
97232,6,2
97238,6,2
97244,6,2
97250,6,2
97256,6,2
97262,6,2
97268,6,2
97274,6,2
97280,6,2
97286,6,2
97292,6,2
97298,6,2
97304,6,2
97310,6,2
97316,6,2
97322,6,2
97328,6,2
97334,6,2
97340,6,2
97346,6,2
97352,6,2
97358,6,2
97364,6,2
97370,6,2
97376,6,2
97382,6,2
97388,6,2
97394,6,2
97400,6,2
97406,6,2
97412,6,2
97418,6,2
97424,6,2
97430,6,2
97436,6,2
97442,6,2
97448,6,2
97454,6,2
97460,6,2
97466,6,2
97472,6,2
97478,6,2
97484,6,2
97490,6,2
97496,6,2
97502,6,2
97508,6,2
97514,6,2
97520,6,2
97526,6,2
97532,6,2
97538,6,2
97544,6,2
97550,6,2
97556,6,2
97562,6,2
97568,6,2
97574,6,2
97580,6,2
97586,6,2
97592,6,2
97598,6,2
97604,6,2
97610,6,2
97616,6,2
97622,6,2
97628,6,2
97634,6,2
97640,6,2
97646,6,2
97652,6,2
97658,6,2
97664,6,2
97670,6,2
97676,6,2
97682,6,2
97688,6,2
97694,6,2
97700,6,2
97706,6,2
97712,6,2
97718,6,2
97724,6,2
97730,6,2
97736,6,2
97742,6,2
97748,6,2
97754,6,2
97760,6,2
97766,6,2
97772,6,2
97778,6,2
97784,6,2
97790,6,2
97796,6,2
97802,6,2
97808,6,2
97814,6,2
97820,6,2
97826,6,2
97832,6,2
97838,6,2
97844,6,2
97850,6,2
97856,6,2
97862,6,2
97868,6,2
97874,6,2
97880,6,2
97886,6,2
97892,6,2
97898,6,2
97904,6,2
97910,6,2
97916,6,2
97922,6,2
97928,6,2
97934,6,2
97940,6,2
97946,6,2
97952,6,2
97958,6,2
97964,6,2
97970,6,2
97976,6,2
97982,6,2
97988,6,2
97994,6,2
98000,6,2
98006,6,2
98012,6,2
98018,6,2
98024,6,2
98030,6,2
98036,6,2
98042,6,2
98048,6,2
98054,6,2
98060,6,2
98066,6,2
98072,6,2
98078,6,2
98084,6,2
98090,6,2
98096,6,2
98102,6,2
98108,6,2
98114,6,2
98120,6,2
98126,6,2
98132,6,2
98138,6,2
98144,6,2
98150,6,2
98156,6,2
98162,6,2
98168,6,2
98174,6,2
98180,6,2
98186,6,2
98192,6,2
98198,6,2
98204,6,2
98210,6,2
98216,6,2
98222,6,2
98228,6,2
98234,6,2
98240,6,2
98246,6,2
98252,6,2
98258,6,2
98264,6,2
98270,6,2
98276,6,2
98282,6,2
98288,6,2
98294,6,2
98300,6,2
98306,6,2
98312,6,2
98318,6,2
98324,6,2
98330,6,2
98336,6,2
98342,6,2
98348,6,2
98354,6,2
98360,6,2
98366,6,2
98372,6,2
98378,6,2
98384,6,2
98390,6,2
98396,6,2
98402,6,2
98408,6,2
98414,6,2
98420,6,2
98426,6,2
98432,6,2
98438,6,2
98444,6,2
98450,6,2
98456,6,2
98462,6,2
98468,6,2
98474,6,2
98480,6,2
98486,6,2
98492,6,2
98498,6,2
98504,6,2
98510,6,2
98516,6,2
98522,6,2
98528,6,2
98534,6,2
98540,6,2
98546,6,2
98552,6,2
98558,6,2
98564,6,2
98570,6,2
98576,6,2
98582,6,2
98588,6,2
98594,6,2
98600,6,2
98606,6,2
98612,6,2
98618,6,2
98624,6,2
98630,6,2
98636,6,2
98642,6,2
98648,6,2
98654,6,2
98660,6,2
98666,6,2
98672,6,2
98678,6,2
98684,6,2
98690,6,2
98696,6,2
98702,6,2
98708,6,2
98714,6,2
98720,6,2
98726,6,2
98732,6,2
98738,6,2
98744,6,2
98750,6,2
98756,6,2
98762,6,2
98768,6,2
98774,6,2
98780,6,2
98786,6,2
98792,6,2
98798,6,2
98804,6,2
98810,6,2
98816,6,2
98822,6,2
98828,6,2
98834,6,2
98840,6,2
98846,6,2
98852,6,2
98858,6,2
98864,6,2
98870,6,2
98876,6,2
98882,6,2
98888,6,2
98894,6,2
98900,6,2
98906,6,2
98912,6,2
98918,6,2
98924,6,2
98930,6,2
98936,6,2
98942,6,2
98948,6,2
98954,6,2
98960,6,2
98966,6,2
98972,6,2
98978,6,2
98984,6,2
98990,6,2
98996,6,2
99002,6,2
99008,6,2
99014,6,2
99020,6,2
99026,6,2
99032,6,2
99038,6,2
99044,6,2
99050,6,2
99056,6,2
99062,6,2
99068,6,2
99074,6,2
99080,6,2
99086,6,2
99092,6,2
99098,6,2
99104,6,2
99110,6,2
99116,6,2
99122,6,2
99128,6,2
99134,6,2
99140,6,2
99146,6,2
99152,6,2
99158,6,2
99164,6,2
99170,6,2
99176,6,2
99182,6,2
99188,6,2
99194,6,2
99200,6,2
99206,6,2
99212,6,2
99218,6,2
99224,6,2
99230,6,2
99236,6,2
99242,6,2
99248,6,2
99254,6,2
99260,6,2
99266,6,2
99272,6,2
99278,6,2
99284,6,2
99290,6,2
99296,6,2
99302,6,2
99308,6,2
99314,6,2
99320,6,2
99326,6,2
99332,6,2
99338,6,2
99344,6,2
99350,6,2
99356,6,2
99362,6,2
99368,6,2
99374,6,2
99380,6,2
99386,6,2
99392,6,2
99398,6,2
99404,6,2
99410,6,2
99416,6,2
99422,6,2
99428,6,2
99434,6,2
99440,6,2
99446,6,2
99452,6,2
99458,6,2
99464,6,2
99470,6,2
99476,6,2
99482,6,2
99488,6,2
99494,6,2
99500,6,2
99506,6,2
99512,6,2
99518,6,2
99524,6,2
99530,6,2
99536,6,2
99542,6,2
99548,6,2
99554,6,2
99560,6,2
99566,6,2
99572,6,2
99578,6,2
99584,6,2
99590,6,2
99596,6,2
99602,6,2
99608,6,2
99614,6,2
99620,6,2
99626,6,2
99632,6,2
99638,6,2
99644,6,2
99650,6,2
99656,6,2
99662,6,2
99668,6,2
99674,6,2
99680,6,2
99686,6,2
99692,6,2
99698,6,2
99704,6,2
99710,6,2
99716,6,2
99722,6,2
99728,6,2
99734,6,2
99740,6,2
99746,6,2
99752,6,2
99758,6,2
99764,6,2
99770,6,2
99776,6,2
99782,6,2
99788,6,2
99794,6,2
99800,6,2
99806,6,2
99812,6,2
99818,6,2
99824,6,2
99830,6,2
99836,6,2
99842,6,2
99848,6,2
99854,6,2
99860,6,2
99866,6,2
99872,6,2
99878,6,2
99884,6,2
99890,6,2
99896,6,2
99902,6,2
99908,6,2
99914,6,2
99920,6,2
99926,6,2
99932,6,2
99938,6,2
99944,6,2
99950,6,2
99956,6,2
99962,6,2
99968,6,2
99974,6,2
99980,6,2
99986,6,2
99992,6,2
99998,6,2
100004,6,2
100010,6,2
100016,6,2
100022,6,2
100028,6,2
100034,6,2
100040,6,2
100046,6,2
100052,6,2
100058,6,2
100064,6,2
100070,6,2
100076,6,2
100082,6,2
100088,6,2
100094,6,2
100100,6,2
100106,6,2
100112,6,2
100118,6,2
100124,6,2
100130,6,2
100136,6,2
100142,6,2
100148,6,2
100154,6,2
100160,6,2
100166,6,2
100172,6,2
100178,6,2
100184,6,2
100190,6,2
100196,6,2
100202,6,2
100208,6,2
100214,6,2
100220,6,2
100226,6,2
100232,6,2
100238,6,2
100244,6,2
100250,6,2
100256,6,2
100262,6,2
100268,6,2
100274,6,2
100280,6,2
100286,6,2
100292,6,2
100298,6,2
100304,6,2
100310,6,2
100316,6,2
100322,6,2
100328,6,2
100334,6,2
100340,6,2
100346,6,2
100352,6,2
100358,6,2
100364,6,2
100370,6,2
100376,6,2
100382,6,2
100388,6,2
100394,6,2
100400,6,2
100406,6,2
100412,6,2
100418,6,2
100424,6,2
100430,6,2
100436,6,2
100442,6,2
100448,6,2
100454,6,2
100460,6,2
100466,6,2
100472,6,2
100478,6,2
100484,6,2
100490,6,2
100496,6,2
100502,6,2
100508,6,2
100514,6,2
100520,6,2
100526,6,2
100532,6,2
100538,6,2
100544,6,2
100550,6,2
100556,6,2
100562,6,2
100568,6,2
100574,6,2
100580,6,2
100586,6,2
100592,6,2
100598,6,2
100604,6,2
100610,6,2
100616,6,2
100622,6,2
100628,6,2
100634,6,2
100640,6,2
100646,6,2
100652,6,2
100658,6,2
100664,6,2
100670,6,2
100676,6,2
100682,6,2
100688,6,2
100694,6,2
100700,6,2
100706,6,2
100712,6,2
100718,6,2
100724,6,2
100730,6,2
100736,6,2
100742,6,2
100748,6,2
100754,6,2
100760,6,2
100766,6,2
100772,6,2
100778,6,2
100784,6,2
100790,6,2
100796,6,2
100802,6,2
100808,6,2
100814,6,2
100820,6,2
100826,6,2
100832,6,2
100838,6,2
100844,6,2
100850,6,2
100856,6,2
100862,6,2
100868,6,2
100874,6,2
100880,6,2
100886,6,2
100892,6,2
100898,6,2
100904,6,2
100910,6,2
100916,6,2
100922,6,2
100928,6,2
100934,6,2
100940,6,2
100946,6,2
100952,6,2
100958,6,2
100964,6,2
100970,6,2
100976,6,2
100982,6,2
100988,6,2
100994,6,2
101000,6,2
101006,6,2
101012,6,2
101018,6,2
101024,6,2
101030,6,2
101036,6,2
101042,6,2
101048,6,2
101054,6,2
101060,6,2
101066,6,2
101072,6,2
101078,6,2
101084,6,2
101090,6,2
101096,6,2
101102,6,2
101108,6,2
101114,6,2
101120,6,2
101126,6,2
101132,6,2
101138,6,2
101144,6,2
101150,6,2
101156,6,2
101162,6,2
101168,6,2
101174,6,2
101180,6,2
101186,6,2
101192,6,2
101198,6,2
101204,6,2
101210,6,2
101216,6,2
101222,6,2
101228,6,2
101234,6,2
101240,6,2
101246,6,2
101252,6,2
101258,6,2
101264,6,2
101270,6,2
101276,6,2
101282,6,2
101288,6,2
101294,6,2
101300,6,2
101306,6,2
101312,6,2
101318,6,2
101324,6,2
101330,6,2
101336,6,2
101342,6,2
101348,6,2
101354,6,2
101360,6,2
101366,6,2
101372,6,2
101378,6,2
101384,6,2
101390,6,2
101396,6,2
101402,6,2
101408,6,2
101414,6,2
101420,6,2
101426,6,2
101432,6,2
101438,6,2
101444,6,2
101450,6,2
101456,6,2
101462,6,2
101468,6,2
101474,6,2
101480,6,2
101486,6,2
101492,6,2
101498,6,2
101504,6,2
101510,6,2
101516,6,2
101522,6,2
101528,6,2
101534,6,2
101540,6,2
101546,6,2
101552,6,2
101558,6,2
101564,6,2
101570,6,2
101576,6,2
101582,6,2
101588,6,2
101594,6,2
101600,6,2
101606,6,2
101612,6,2
101618,6,2
101624,6,2
101630,6,2
101636,6,2
101642,6,2
101648,6,2
101654,6,2
101660,6,2
101666,6,2
101672,6,2
101678,6,2
101684,6,2
101690,6,2
101696,6,2
101702,6,2
101708,6,2
101714,6,2
101720,6,2
101726,6,2
101732,6,2
101738,6,2
101744,6,2
101750,6,2
101756,6,2
101762,6,2
101768,6,2
101774,6,2
101780,6,2
101786,6,2
101792,6,2
101798,6,2
101804,6,2
101810,6,2
101816,6,2
101822,6,2
101828,6,2
101834,6,2
101840,6,2
101846,6,2
101852,6,2
101858,6,2
101864,6,2
101870,6,2
101876,6,2
101882,6,2
101888,6,2
101894,6,2
101900,6,2
101906,6,2
101912,6,2
101918,6,2
101924,6,2
101930,6,2
101936,6,2
101942,6,2
101948,6,2
101954,6,2
101960,6,2
101966,6,2
101972,6,2
101978,6,2
101984,6,2
101990,6,2
101996,6,2
102002,6,2
102008,6,2
102014,6,2
102020,6,2
102026,6,2
102032,6,2
102038,6,2
102044,6,2
102050,6,2
102056,6,2
102062,6,2
102068,6,2
102074,6,2
102080,6,2
102086,6,2
102092,6,2
102098,6,2
102104,6,2
102110,6,2
102116,6,2
102122,6,2
102128,6,2
102134,6,2
102140,6,2
102146,6,2
102152,6,2
102158,6,2
102164,6,2
102170,6,2
102176,6,2
102182,6,2
102188,6,2
102194,6,2
102200,6,2
102206,6,2
102212,6,2
102218,6,2
102224,6,2
102230,6,2
102236,6,2
102242,6,2
102248,6,2
102254,6,2
102260,6,2
102266,6,2
102272,6,2
102278,6,2
102284,6,2
102290,6,2
102296,6,2
102302,6,2
102308,6,2
102314,6,2
102320,6,2
102326,6,2
102332,6,2
102338,6,2
102344,6,2
102350,6,2
102356,6,2
102362,6,2
102368,6,2
102374,6,2
102380,6,2
102386,6,2
102392,6,2
102398,6,2
102404,6,2
102410,6,2
102416,6,2
102422,6,2
102428,6,2
102434,6,2
102440,6,2
102446,6,2
102452,6,2
102458,6,2
102464,6,2
102470,6,2
102476,6,2
102482,6,2
102488,6,2
102494,6,2
102500,6,2
102506,6,2
102512,6,2
102518,6,2
102524,6,2
102530,6,2
102536,6,2
102542,6,2
102548,6,2
102554,6,2
102560,6,2
102566,6,2
102572,6,2
102578,6,2
102584,6,2
102590,6,2
102596,6,2
102602,6,2
102608,6,2
102614,6,2
102620,6,2
102626,6,2
102632,6,2
102638,6,2
102644,6,2
102650,6,2
102656,6,2
102662,6,2
102668,6,2
102674,6,2
102680,6,2
102686,6,2
102692,6,2
102698,6,2
102704,6,2
102710,6,2
102716,6,2
102722,6,2
102728,6,2
102734,6,2
102740,6,2
102746,6,2
102752,6,2
102758,6,2
102764,6,2
102770,6,2
102776,6,2
102782,6,2
102788,6,2
102794,6,2
102800,6,2
102806,6,2
102812,6,2
102818,6,2
102824,6,2
102830,6,2
102836,6,2
102842,6,2
102848,6,2
102854,6,2
102860,6,2
102866,6,2
102872,6,2
102878,6,2
102884,6,2
102890,6,2
102896,6,2
102902,6,2
102908,6,2
102914,6,2
102920,6,2
102926,6,2
102932,6,2
102938,6,2
102944,6,2
102950,6,2
102956,6,2
102962,6,2
102968,6,2
102974,6,2
102980,6,2
102986,6,2
102992,6,2
102998,6,2
103004,6,2
103010,6,2
103016,6,2
103022,6,2
103028,6,2
103034,6,2
103040,6,2
103046,6,2
103052,6,2
103058,6,2
103064,6,2
103070,6,2
103076,6,2
103082,6,2
103088,6,2
103094,6,2
103100,6,2
103106,6,2
103112,6,2
103118,6,2
103124,6,2
103130,6,2
103136,6,2
103142,6,2
103148,6,2
103154,6,2
103160,6,2
103166,6,2
103172,6,2
103178,6,2
103184,6,2
103190,6,2
103196,6,2
103202,6,2
103208,6,2
103214,6,2
103220,6,2
103226,6,2
103232,6,2
103238,6,2
103244,6,2
103250,6,2
103256,6,2
103262,6,2
103268,6,2
103274,6,2
103280,6,2
103286,6,2
103292,6,2
103298,6,2
103304,6,2
103310,6,2
103316,6,2
103322,6,2
103328,6,2
103334,6,2
103340,6,2
103346,6,2
103352,6,2
103358,6,2
103364,6,2
103370,6,2
103376,6,2
103382,6,2
103388,6,2
103394,6,2
103400,6,2
103406,6,2
103412,6,2
103418,6,2
103424,6,2
103430,6,2
103436,6,2
103442,6,2
103448,6,2
103454,6,2
103460,6,2
103466,6,2
103472,6,2
103478,6,2
103484,6,2
103490,6,2
103496,6,2
103502,6,2
103508,6,2
103514,6,2
103520,6,2
103526,6,2
103532,6,2
103538,6,2
103544,6,2
103550,6,2
103556,6,2
103562,6,2
103568,6,2
103574,6,2
103580,6,2
103586,6,2
103592,6,2
103598,6,2
103604,6,2
103610,6,2
103616,6,2
103622,6,2
103628,6,2
103634,6,2
103640,6,2
103646,6,2
103652,6,2
103658,6,2
103664,6,2
103670,6,2
103676,6,2
103682,6,2
103688,6,2
103694,6,2
103700,6,2
103706,6,2
103712,6,2
103718,6,2
103724,6,2
103730,6,2
103736,6,2
103742,6,2
103748,6,2
103754,6,2
103760,6,2
103766,6,2
103772,6,2
103778,6,2
103784,6,2
103790,6,2
103796,6,2
103802,6,2
103808,6,2
103814,6,2
103820,6,2
103826,6,2
103832,6,2
103838,6,2
103844,6,2
103850,6,2
103856,6,2
103862,6,2
103868,6,2
103874,6,2
103880,6,2
103886,6,2
103892,6,2
103898,6,2
103904,6,2
103910,6,2
103916,6,2
103922,6,2
103928,6,2
103934,6,2
103940,6,2
103946,6,2
103952,6,2
103958,6,2
103964,6,2
103970,6,2
103976,6,2
103982,6,2
103988,6,2
103994,6,2
104000,6,2
104006,6,2
104012,6,2
104018,6,2
104024,6,2
104030,6,2
104036,6,2
104042,6,2
104048,6,2
104054,6,2
104060,6,2
104066,6,2
104072,6,2
104078,6,2
104084,6,2
104090,6,2
104096,6,2
104102,6,2
104108,6,2
104114,6,2
104120,6,2
104126,6,2
104132,6,2
104138,6,2
104144,6,2
104150,6,2
104156,6,2
104162,6,2
104168,6,2
104174,6,2
104180,6,2
104186,6,2
104192,6,2
104198,6,2
104204,6,2
104210,6,2
104216,6,2
104222,6,2
104228,6,2
104234,6,2
104240,6,2
104246,6,2
104252,6,2
104258,6,2
104264,6,2
104270,6,2
104276,6,2
104282,6,2
104288,6,2
104294,6,2
104300,6,2
104306,6,2
104312,6,2
104318,6,2
104324,6,2
104330,6,2
104336,6,2
104342,6,2
104348,6,2
104354,6,2
104360,6,2
104366,6,2
104372,6,2
104378,6,2
104384,6,2
104390,6,2
104396,6,2
104402,6,2
104408,6,2
104414,6,2
104420,6,2
104426,6,2
104432,6,2
104438,6,2
104444,6,2
104450,6,2
104456,6,2
104462,6,2
104468,6,2
104474,6,2
104480,6,2
104486,6,2
104492,6,2
104498,6,2
104504,6,2
104510,6,2
104516,6,2
104522,6,2
104528,6,2
104534,6,2
104540,6,2
104546,6,2
104552,6,2
104558,6,2
104564,6,2
104570,6,2
104576,6,2
104582,6,2
104588,6,2
104594,6,2
104600,6,2
104606,6,2
104612,6,2
104618,6,2
104624,6,2
104630,6,2
104636,6,2
104642,6,2
104648,6,2
104654,6,2
104660,6,2
104666,6,2
104672,6,2
104678,6,2
104684,6,2
104690,6,2
104696,6,2
104702,6,2
104708,6,2
104714,6,2
104720,6,2
104726,6,2
104732,6,2
104738,6,2
104744,6,2
104750,6,2
104756,6,2
104762,6,2
104768,6,2
104774,6,2
104780,6,2
104786,6,2
104792,6,2
104798,6,2
104804,6,2
104810,6,2
104816,6,2
104822,6,2
104828,6,2
104834,6,2
104840,6,2
104846,6,2
104852,6,2
104858,6,2
104864,6,2
104870,6,2
104876,6,2
104882,6,2
104888,6,2
104894,6,2
104900,6,2
104906,6,2
104912,6,2
104918,6,2
104924,6,2
104930,6,2
104936,6,2
104942,6,2
104948,6,2
104954,6,2
104960,6,2
104966,6,2
104972,6,2
104978,6,2
104984,6,2
104990,6,2
104996,6,2
105002,6,2
105008,6,2
105014,6,2
105020,6,2
105026,6,2
105032,6,2
105038,6,2
105044,6,2
105050,6,2
105056,6,2
105062,6,2
105068,6,2
105074,6,2
105080,6,2
105086,6,2
105092,6,2
105098,6,2
105104,6,2
105110,6,2
105116,6,2
105122,6,2
105128,6,2
105134,6,2
105140,6,2
105146,6,2
105152,6,2
105158,6,2
105164,6,2
105170,6,2
105176,6,2
105182,6,2
105188,6,2
105194,6,2
105200,6,2
105206,6,2
105212,6,2
105218,6,2
105224,6,2
105230,6,2
105236,6,2
105242,6,2
105248,6,2
105254,6,2
105260,6,2
105266,6,2
105272,6,2
105278,6,2
105284,6,2
105290,6,2
105296,6,2
105302,6,2
105308,6,2
105314,6,2
105320,6,2
105326,6,2
105332,6,2
105338,6,2
105344,6,2
105350,6,2
105356,6,2
105362,6,2
105368,6,2
105374,6,2
105380,6,2
105386,6,2
105392,6,2
105398,6,2
105404,6,2
105410,6,2
105416,6,2
105422,6,2
105428,6,2
105434,6,2
105440,6,2
105446,6,2
105452,6,2
105458,6,2
105464,6,2
105470,6,2
105476,6,2
105482,6,2
105488,6,2
105494,6,2
105500,6,2
105506,6,2
105512,6,2
105518,6,2
105524,6,2
105530,6,2
105536,6,2
105542,6,2
105548,6,2
105554,6,2
105560,6,2
105566,6,2
105572,6,2
105578,6,2
105584,6,2
105590,6,2
105596,6,2
105602,6,2
105608,6,2
105614,6,2
105620,6,2
105626,6,2
105632,6,2
105638,6,2
105644,6,2
105650,6,2
105656,6,2
105662,6,2
105668,6,2
105674,6,2
105680,6,2
105686,6,2
105692,6,2
105698,6,2
105704,6,2
105710,6,2
105716,6,2
105722,6,2
105728,6,2
105734,6,2
105740,6,2
105746,6,2
105752,6,2
105758,6,2
105764,6,2
105770,6,2
105776,6,2
105782,6,2
105788,6,2
105794,6,2
105800,6,2
105806,6,2
105812,6,2
105818,6,2
105824,6,2
105830,6,2
105836,6,2
105842,6,2
105848,6,2
105854,6,2
105860,6,2
105866,6,2
105872,6,2
105878,6,2
105884,6,2
105890,6,2
105896,6,2
105902,6,2
105908,6,2
105914,6,2
105920,6,2
105926,6,2
105932,6,2
105938,6,2
105944,6,2
105950,6,2
105956,6,2
105962,6,2
105968,6,2
105974,6,2
105980,6,2
105986,6,2
105992,6,2
105998,6,2
106004,6,2
106010,6,2
106016,6,2
106022,6,2
106028,6,2
106034,6,2
106040,6,2
106046,6,2
106052,6,2
106058,6,2
106064,6,2
106070,6,2
106076,6,2
106082,6,2
106088,6,2
106094,6,2
106100,6,2
106106,6,2
106112,6,2
106118,6,2
106124,6,2
106130,6,2
106136,6,2
106142,6,2
106148,6,2
106154,6,2
106160,6,2
106166,6,2
106172,6,2
106178,6,2
106184,6,2
106190,6,2
106196,6,2
106202,6,2
106208,6,2
106214,6,2
106220,6,2
106226,6,2
106232,6,2
106238,6,2
106244,6,2
106250,6,2
106256,6,2
106262,6,2
106268,6,2
106274,6,2
106280,6,2
106286,6,2
106292,6,2
106298,6,2
106304,6,2
106310,6,2
106316,6,2
106322,6,2
106328,6,2
106334,6,2
106340,6,2
106346,6,2
106352,6,2
106358,6,2
106364,6,2
106370,6,2
106376,6,2
106382,6,2
106388,6,2
106394,6,2
106400,6,2
106406,6,2
106412,6,2
106418,6,2
106424,6,2
106430,6,2
106436,6,2
106442,6,2
106448,6,2
106454,6,2
106460,6,2
106466,6,2
106472,6,2
106478,6,2
106484,6,2
106490,6,2
106496,6,2
106502,6,2
106508,6,2
106514,6,2
106520,6,2
106526,6,2
106532,6,2
106538,6,2
106544,6,2
106550,6,2
106556,6,2
106562,6,2
106568,6,2
106574,6,2
106580,6,2
106586,6,2
106592,6,2
106598,6,2
106604,6,2
106610,6,2
106616,6,2
106622,6,2
106628,6,2
106634,6,2
106640,6,2
106646,6,2
106652,6,2
106658,6,2
106664,6,2
106670,6,2
106676,6,2
106682,6,2
106688,6,2
106694,6,2
106700,6,2
106706,6,2
106712,6,2
106718,6,2
106724,6,2
106730,6,2
106736,6,2
106742,6,2
106748,6,2
106754,6,2
106760,6,2
106766,6,2
106772,6,2
106778,6,2
106784,6,2
106790,6,2
106796,6,2
106802,6,2
106808,6,2
106814,6,2
106820,6,2
106826,6,2
106832,6,2
106838,6,2
106844,6,2
106850,6,2
106856,6,2
106862,6,2
106868,6,2
106874,6,2
106880,6,2
106886,6,2
106892,6,2
106898,6,2
106904,6,2
106910,6,2
106916,6,2
106922,6,2
106928,6,2
106934,6,2
106940,6,2
106946,6,2
106952,6,2
106958,6,2
106964,6,2
106970,6,2
106976,6,2
106982,6,2
106988,6,2
106994,6,2
107000,6,2
107006,6,2
107012,6,2
107018,6,2
107024,6,2
107030,6,2
107036,6,2
107042,6,2
107048,6,2
107054,6,2
107060,6,2
107066,6,2
107072,6,2
107078,6,2
107084,6,2
107090,6,2
107096,6,2
107102,6,2
107108,6,2
107114,6,2
107120,6,2
107126,6,2
107132,6,2
107138,6,2
107144,6,2
107150,6,2
107156,6,2
107162,6,2
107168,6,2
107174,6,2
107180,6,2
107186,6,2
107192,6,2
107198,6,2
107204,6,2
107210,6,2
107216,6,2
107222,6,2
107228,6,2
107234,6,2
107240,6,2
107246,6,2
107252,6,2
107258,6,2
107264,6,2
107270,6,2
107276,6,2
107282,6,2
107288,6,2
107294,6,2
107300,6,2
107306,6,2
107312,6,2
107318,6,2
107324,6,2
107330,6,2
107336,6,2
107342,6,2
107348,6,2
107354,6,2
107360,6,2
107366,6,2
107372,6,2
107378,6,2
107384,6,2
107390,6,2
107396,6,2
107402,6,2
107408,6,2
107414,6,2
107420,6,2
107426,6,2
107432,6,2
107438,6,2
107444,6,2
107450,6,2
107456,6,2
107462,6,2
107468,6,2
107474,6,2
107480,6,2
107486,6,2
107492,6,2
107498,6,2
107504,6,2
107510,6,2
107516,6,2
107522,6,2
107528,6,2
107534,6,2
107540,6,2
107546,6,2
107552,6,2
107558,6,2
107564,6,2
107570,6,2
107576,6,2
107582,6,2
107588,6,2
107594,6,2
107600,6,2
107606,6,2
107612,6,2
107618,6,2
107624,6,2
107630,6,2
107636,6,2
107642,6,2
107648,6,2
107654,6,2
107660,6,2
107666,6,2
107672,6,2
107678,6,2
107684,6,2
107690,6,2
107696,6,2
107702,6,2
107708,6,2
107714,6,2
107720,6,2
107726,6,2
107732,6,2
107738,6,2
107744,6,2
107750,6,2
107756,6,2
107762,6,2
107768,6,2
107774,6,2
107780,6,2
107786,6,2
107792,6,2
107798,6,2
107804,6,2
107810,6,2
107816,6,2
107822,6,2
107828,6,2
107834,6,2
107840,6,2
107846,6,2
107852,6,2
107858,6,2
107864,6,2
107870,6,2
107876,6,2
107882,6,2
107888,6,2
107894,6,2
107900,6,2
107906,6,2
107912,6,2
107918,6,2
107924,6,2
107930,6,2
107936,6,2
107942,6,2
107948,6,2
107954,6,2
107960,6,2
107966,6,2
107972,6,2
107978,6,2
107984,6,2
107990,6,2
107996,6,2
108002,6,2
108008,6,2
108014,6,2
108020,6,2
108026,6,2
108032,6,2
108038,6,2
108044,6,2
108050,6,2
108056,6,2
108062,6,2
108068,6,2
108074,6,2
108080,6,2
108086,6,2
108092,6,2
108098,6,2
108104,6,2
108110,6,2
108116,6,2
108122,6,2
108128,6,2
108134,6,2
108140,6,2
108146,6,2
108152,6,2
108158,6,2
108164,6,2
108170,6,2
108176,6,2
108182,6,2
108188,6,2
108194,6,2
108200,6,2
108206,6,2
108212,6,2
108218,6,2
108224,6,2
108230,6,2
108236,6,2
108242,6,2
108248,6,2
108254,6,2
108260,6,2
108266,6,2
108272,6,2
108278,6,2
108284,6,2
108290,6,2
108296,6,2
108302,6,2
108308,6,2
108314,6,2
108320,6,2
108326,6,2
108332,6,2
108338,6,2
108344,6,2
108350,6,2
108356,6,2
108362,6,2
108368,6,2
108374,6,2
108380,6,2
108386,6,2
108392,6,2
108398,6,2
108404,6,2
108410,6,2
108416,6,2
108422,6,2
108428,6,2
108434,6,2
108440,6,2
108446,6,2
108452,6,2
108458,6,2
108464,6,2
108470,6,2
108476,6,2
108482,6,2
108488,6,2
108494,6,2
108500,6,2
108506,6,2
108512,6,2
108518,6,2
108524,6,2
108530,6,2
108536,6,2
108542,6,2
108548,6,2
108554,6,2
108560,6,2
108566,6,2
108572,6,2
108578,6,2
108584,6,2
108590,6,2
108596,6,2
108602,6,2
108608,6,2
108614,6,2
108620,6,2
108626,6,2
108632,6,2
108638,6,2
108644,6,2
108650,6,2
108656,6,2
108662,6,2
108668,6,2
108674,6,2
108680,6,2
108686,6,2
108692,6,2
108698,6,2
108704,6,2
108710,6,2
108716,6,2
108722,6,2
108728,6,2
108734,6,2
108740,6,2
108746,6,2
108752,6,2
108758,6,2
108764,6,2
108770,6,2
108776,6,2
108782,6,2
108788,6,2
108794,6,2
108800,6,2
108806,6,2
108812,6,2
108818,6,2
108824,6,2
108830,6,2
108836,6,2
108842,6,2
108848,6,2
108854,6,2
108860,6,2
108866,6,2
108872,6,2
108878,6,2
108884,6,2
108890,6,2
108896,6,2
108902,6,2
108908,6,2
108914,6,2
108920,6,2
108926,6,2
108932,6,2
108938,6,2
108944,6,2
108950,6,2
108956,6,2
108962,6,2
108968,6,2
108974,6,2
108980,6,2
108986,6,2
108992,6,2
108998,6,2
109004,6,2
109010,6,2
109016,6,2
109022,6,2
109028,6,2
109034,6,2
109040,6,2
109046,6,2
109052,6,2
109058,6,2
109064,6,2
109070,6,2
109076,6,2
109082,6,2
109088,6,2
109094,6,2
109100,6,2
109106,6,2
109112,6,2
109118,6,2
109124,6,2
109130,6,2
109136,6,2
109142,6,2
109148,6,2
109154,6,2
109160,6,2
109166,6,2
109172,6,2
109178,6,2
109184,6,2
109190,6,2
109196,6,2
109202,6,2
109208,6,2
109214,6,2
109220,6,2
109226,6,2
109232,6,2
109238,6,2
109244,6,2
109250,6,2
109256,6,2
109262,6,2
109268,6,2
109274,6,2
109280,6,2
109286,6,2
109292,6,2
109298,6,2
109304,6,2
109310,6,2
109316,6,2
109322,6,2
109328,6,2
109334,6,2
109340,6,2
109346,6,2
109352,6,2
109358,6,2
109364,6,2
109370,6,2
109376,6,2
109382,6,2
109388,6,2
109394,6,2
109400,6,2
109406,6,2
109412,6,2
109418,6,2
109424,6,2
109430,6,2
109436,6,2
109442,6,2
109448,6,2
109454,6,2
109460,6,2
109466,6,2
109472,6,2
109478,6,2
109484,6,2
109490,6,2
109496,6,2
109502,6,2
109508,6,2
109514,6,2
109520,6,2
109526,6,2
109532,6,2
109538,6,2
109544,6,2
109550,6,2
109556,6,2
109562,6,2
109568,6,2
109574,6,2
109580,6,2
109586,6,2
109592,6,2
109598,6,2
109604,6,2
109610,6,2
109616,6,2
109622,6,2
109628,6,2
109634,6,2
109640,6,2
109646,6,2
109652,6,2
109658,6,2
109664,6,2
109670,6,2
109676,6,2
109682,6,2
109688,6,2
109694,6,2
109700,6,2
109706,6,2
109712,6,2
109718,6,2
109724,6,2
109730,6,2
109736,6,2
109742,6,2
109748,6,2
109754,6,2
109760,6,2
109766,6,2
109772,6,2
109778,6,2
109784,6,2
109790,6,2
109796,6,2
109802,6,2
109808,6,2
109814,6,2
109820,6,2
109826,6,2
109832,6,2
109838,6,2
109844,6,2
109850,6,2
109856,6,2
109862,6,2
109868,6,2
109874,6,2
109880,6,2
109886,6,2
109892,6,2
109898,6,2
109904,6,2
109910,6,2
109916,6,2
109922,6,2
109928,6,2
109934,6,2
109940,6,2
109946,6,2
109952,6,2
109958,6,2
109964,6,2
109970,6,2
109976,6,2
109982,6,2
109988,6,2
109994,6,2
110000,6,2
110006,6,2
110012,6,2
110018,6,2
110024,6,2
110030,6,2
110036,6,2
110042,6,2
110048,6,2
110054,6,2
110060,6,2
110066,6,2
110072,6,2
110078,6,2
110084,6,2
110090,6,2
110096,6,2
110102,6,2
110108,6,2
110114,6,2
110120,6,2
110126,6,2
110132,6,2
110138,6,2
110144,6,2
110150,6,2
110156,6,2
110162,6,2
110168,6,2
110174,6,2
110180,6,2
110186,6,2
110192,6,2
110198,6,2
110204,6,2
110210,6,2
110216,6,2
110222,6,2
110228,6,2
110234,6,2
110240,6,2
110246,6,2
110252,6,2
110258,6,2
110264,6,2
110270,6,2
110276,6,2
110282,6,2
110288,6,2
110294,6,2
110300,6,2
110306,6,2
110312,6,2
110318,6,2
110324,6,2
110330,6,2
110336,6,2
110342,6,2
110348,6,2
110354,6,2
110360,6,2
110366,6,2
110372,6,2
110378,6,2
110384,6,2
110390,6,2
110396,6,2
110402,6,2
110408,6,2
110414,6,2
110420,6,2
110426,6,2
110432,6,2
110438,6,2
110444,6,2
110450,6,2
110456,6,2
110462,6,2
110468,6,2
110474,6,2
110480,6,2
110486,6,2
110492,6,2
110498,6,2
110504,6,2
110510,6,2
110516,6,2
110522,6,2
110528,6,2
110534,6,2
110540,6,2
110546,6,2
110552,6,2
110558,6,2
110564,6,2
110570,6,2
110576,6,2
110582,6,2
110588,6,2
110594,6,2
110600,6,2
110606,6,2
110612,6,2
110618,6,2
110624,6,2
110630,6,2
110636,6,2
110642,6,2
110648,6,2
110654,6,2
110660,6,2
110666,6,2
110672,6,2
110678,6,2
110684,6,2
110690,6,2
110696,6,2
110702,6,2
110708,6,2
110714,6,2
110720,6,2
110726,6,2
110732,6,2
110738,6,2
110744,6,2
110750,6,2
110756,6,2
110762,6,2
110768,6,2
110774,6,2
110780,6,2
110786,6,2
110792,6,2
110798,6,2
110804,6,2
110810,6,2
110816,6,2
110822,6,2
110828,6,2
110834,6,2
110840,6,2
110846,6,2
110852,6,2
110858,6,2
110864,6,2
110870,6,2
110876,6,2
110882,6,2
110888,6,2
110894,6,2
110900,6,2
110906,6,2
110912,6,2
110918,6,2
110924,6,2
110930,6,2
110936,6,2
110942,6,2
110948,6,2
110954,6,2
110960,6,2
110966,6,2
110972,6,2
110978,6,2
110984,6,2
110990,6,2
110996,6,2
111002,6,2
111008,6,2
111014,6,2
111020,6,2
111026,6,2
111032,6,2
111038,6,2
111044,6,2
111050,6,2
111056,6,2
111062,6,2
111068,6,2
111074,6,2
111080,6,2
111086,6,2
111092,6,2
111098,6,2
111104,6,2
111110,6,2
111116,6,2
111122,6,2
111128,6,2
111134,6,2
111140,6,2
111146,6,2
111152,6,2
111158,6,2
111164,6,2
111170,6,2
111176,6,2
111182,6,2
111188,6,2
111194,6,2
111200,6,2
111206,6,2
111212,6,2
111218,6,2
111224,6,2
111230,6,2
111236,6,2
111242,6,2
111248,6,2
111254,6,2
111260,6,2
111266,6,2
111272,6,2
111278,6,2
111284,6,2
111290,6,2
111296,6,2
111302,6,2
111308,6,2
111314,6,2
111320,6,2
111326,6,2
111332,6,2
111338,6,2
111344,6,2
111350,6,2
111356,6,2
111362,6,2
111368,6,2
111374,6,2
111380,6,2
111386,6,2
111392,6,2
111398,6,2
111404,6,2
111410,6,2
111416,6,2
111422,6,2
111428,6,2
111434,6,2
111440,6,2
111446,6,2
111452,6,2
111458,6,2
111464,6,2
111470,6,2
111476,6,2
111482,6,2
111488,6,2
111494,6,2
111500,6,2
111506,6,2
111512,6,2
111518,6,2
111524,6,2
111530,6,2
111536,6,2
111542,6,2
111548,6,2
111554,6,2
111560,6,2
111566,6,2
111572,6,2
111578,6,2
111584,6,2
111590,6,2
111596,6,2
111602,6,2
111608,6,2
111614,6,2
111620,6,2
111626,6,2
111632,6,2
111638,6,2
111644,6,2
111650,6,2
111656,6,2
111662,6,2
111668,6,2
111674,6,2
111680,6,2
111686,6,2
111692,6,2
111698,6,2
111704,6,2
111710,6,2
111716,6,2
111722,6,2
111728,6,2
111734,6,2
111740,6,2
111746,6,2
111752,6,2
111758,6,2
111764,6,2
111770,6,2
111776,6,2
111782,6,2
111788,6,2
111794,6,2
111800,6,2
111806,6,2
111812,6,2
111818,6,2
111824,6,2
111830,6,2
111836,6,2
111842,6,2
111848,6,2
111854,6,2
111860,6,2
111866,6,2
111872,6,2
111878,6,2
111884,6,2
111890,6,2
111896,6,2
111902,6,2
111908,6,2
111914,6,2
111920,6,2
111926,6,2
111932,6,2
111938,6,2
111944,6,2
111950,6,2
111956,6,2
111962,6,2
111968,6,2
111974,6,2
111980,6,2
111986,6,2
111992,6,2
111998,6,2
112004,6,2
112010,6,2
112016,6,2
112022,6,2
112028,6,2
112034,6,2
112040,6,2
112046,6,2
112052,6,2
112058,6,2
112064,6,2
112070,6,2
112076,6,2
112082,6,2
112088,6,2
112094,6,2
112100,6,2
112106,6,2
112112,6,2
112118,6,2
112124,6,2
112130,6,2
112136,6,2
112142,6,2
112148,6,2
112154,6,2
112160,6,2
112166,6,2
112172,6,2
112178,6,2
112184,6,2
112190,6,2
112196,6,2
112202,6,2
112208,6,2
112214,6,2
112220,6,2
112226,6,2
112232,6,2
112238,6,2
112244,6,2
112250,6,2
112256,6,2
112262,6,2
112268,6,2
112274,6,2
112280,6,2
112286,6,2
112292,6,2
112298,6,2
112304,6,2
112310,6,2
112316,6,2
112322,6,2
112328,6,2
112334,6,2
112340,6,2
112346,6,2
112352,6,2
112358,6,2
112364,6,2
112370,6,2
112376,6,2
112382,6,2
112388,6,2
112394,6,2
112400,6,2
112406,6,2
112412,6,2
112418,6,2
112424,6,2
112430,6,2
112436,6,2
112442,6,2
112448,6,2
112454,6,2
112460,6,2
112466,6,2
112472,6,2
112478,6,2
112484,6,2
112490,6,2
112496,6,2
112502,6,2
112508,6,2
112514,6,2
112520,6,2
112526,6,2
112532,6,2
112538,6,2
112544,6,2
112550,6,2
112556,6,2
112562,6,2
112568,6,2
112574,6,2
112580,6,2
112586,6,2
112592,6,2
112598,6,2
112604,6,2
112610,6,2
112616,6,2
112622,6,2
112628,6,2
112634,6,2
112640,6,2
112646,6,2
112652,6,2
112658,6,2
112664,6,2
112670,6,2
112676,6,2
112682,6,2
112688,6,2
112694,6,2
112700,6,2
112706,6,2
112712,6,2
112718,6,2
112724,6,2
112730,6,2
112736,6,2
112742,6,2
112748,6,2
112754,6,2
112760,6,2
112766,6,2
112772,6,2
112778,6,2
112784,6,2
112790,6,2
112796,6,2
112802,6,2
112808,6,2
112814,6,2
112820,6,2
112826,6,2
112832,6,2
112838,6,2
112844,6,2
112850,6,2
112856,6,2
112862,6,2
112868,6,2
112874,6,2
112880,6,2
112886,6,2
112892,6,2
112898,6,2
112904,6,2
112910,6,2
112916,6,2
112922,6,2
112928,6,2
112934,6,2
112940,6,2
112946,6,2
112952,6,2
112958,6,2
112964,6,2
112970,6,2
112976,6,2
112982,6,2
112988,6,2
112994,6,2
113000,6,2
113006,6,2
113012,6,2
113018,6,2
113024,6,2
113030,6,2
113036,6,2
113042,6,2
113048,6,2
113054,6,2
113060,6,2
113066,6,2
113072,6,2
113078,6,2
113084,6,2
113090,6,2
113096,6,2
113102,6,2
113108,6,2
113114,6,2
113120,6,2
113126,6,2
113132,6,2
113138,6,2
113144,6,2
113150,6,2
113156,6,2
113162,6,2
113168,6,2
113174,6,2
113180,6,2
113186,6,2
113192,6,2
113198,6,2
113204,6,2
113210,6,2
113216,6,2
113222,6,2
113228,6,2
113234,6,2
113240,6,2
113246,6,2
113252,6,2
113258,6,2
113264,6,2
113270,6,2
113276,6,2
113282,6,2
113288,6,2
113294,6,2
113300,6,2
113306,6,2
113312,6,2
113318,6,2
113324,6,2
113330,6,2
113336,6,2
113342,6,2
113348,6,2
113354,6,2
113360,6,2
113366,6,2
113372,6,2
113378,6,2
113384,6,2
113390,6,2
113396,6,2
113402,6,2
113408,6,2
113414,6,2
113420,6,2
113426,6,2
113432,6,2
113438,6,2
113444,6,2
113450,6,2
113456,6,2
113462,6,2
113468,6,2
113474,6,2
113480,6,2
113486,6,2
113492,6,2
113498,6,2
113504,6,2
113510,6,2
113516,6,2
113522,6,2
113528,6,2
113534,6,2
113540,6,2
113546,6,2
113552,6,2
113558,6,2
113564,6,2
113570,6,2
113576,6,2
113582,6,2
113588,6,2
113594,6,2
113600,6,2
113606,6,2
113612,6,2
113618,6,2
113624,6,2
113630,6,2
113636,6,2
113642,6,2
113648,6,2
113654,6,2
113660,6,2
113666,6,2
113672,6,2
113678,6,2
113684,6,2
113690,6,2
113696,6,2
113702,6,2
113708,6,2
113714,6,2
113720,6,2
113726,6,2
113732,6,2
113738,6,2
113744,6,2
113750,6,2
113756,6,2
113762,6,2
113768,6,2
113774,6,2
113780,6,2
113786,6,2
113792,6,2
113798,6,2
113804,6,2
113810,6,2
113816,6,2
113822,6,2
113828,6,2
113834,6,2
113840,6,2
113846,6,2
113852,6,2
113858,6,2
113864,6,2
113870,6,2
113876,6,2
113882,6,2
113888,6,2
113894,6,2
113900,6,2
113906,6,2
113912,6,2
113918,6,2
113924,6,2
113930,6,2
113936,6,2
113942,6,2
113948,6,2
113954,6,2
113960,6,2
113966,6,2
113972,6,2
113978,6,2
113984,6,2
113990,6,2
113996,6,2
114002,6,2
114008,6,2
114014,6,2
114020,6,2
114026,6,2
114032,6,2
114038,6,2
114044,6,2
114050,6,2
114056,6,2
114062,6,2
114068,6,2
114074,6,2
114080,6,2
114086,6,2
114092,6,2
114098,6,2
114104,6,2
114110,6,2
114116,6,2
114122,6,2
114128,6,2
114134,6,2
114140,6,2
114146,6,2
114152,6,2
114158,6,2
114164,6,2
114170,6,2
114176,6,2
114182,6,2
114188,6,2
114194,6,2
114200,6,2
114206,6,2
114212,6,2
114218,6,2
114224,6,2
114230,6,2
114236,6,2
114242,6,2
114248,6,2
114254,6,2
114260,6,2
114266,6,2
114272,6,2
114278,6,2
114284,6,2
114290,6,2
114296,6,2
114302,6,2
114308,6,2
114314,6,2
114320,6,2
114326,6,2
114332,6,2
114338,6,2
114344,6,2
114350,6,2
114356,6,2
114362,6,2
114368,6,2
114374,6,2
114380,6,2
114386,6,2
114392,6,2
114398,6,2
114404,6,2
114410,6,2
114416,6,2
114422,6,2
114428,6,2
114434,6,2
114440,6,2
114446,6,2
114452,6,2
114458,6,2
114464,6,2
114470,6,2
114476,6,2
114482,6,2
114488,6,2
114494,6,2
114500,6,2
114506,6,2
114512,6,2
114518,6,2
114524,6,2
114530,6,2
114536,6,2
114542,6,2
114548,6,2
114554,6,2
114560,6,2
114566,6,2
114572,6,2
114578,6,2
114584,6,2
114590,6,2
114596,6,2
114602,6,2
114608,6,2
114614,6,2
114620,6,2
114626,6,2
114632,6,2
114638,6,2
114644,6,2
114650,6,2
114656,6,2
114662,6,2
114668,6,2
114674,6,2
114680,6,2
114686,6,2
114692,6,2
114698,6,2
114704,6,2
114710,6,2
114716,6,2
114722,6,2
114728,6,2
114734,6,2
114740,6,2
114746,6,2
114752,6,2
114758,6,2
114764,6,2
114770,6,2
114776,6,2
114782,6,2
114788,6,2
114794,6,2
114800,6,2
114806,6,2
114812,6,2
114818,6,2
114824,6,2
114830,6,2
114836,6,2
114842,6,2
114848,6,2
114854,6,2
114860,6,2
114866,6,2
114872,6,2
114878,6,2
114884,6,2
114890,6,2
114896,6,2
114902,6,2
114908,6,2
114914,6,2
114920,6,2
114926,6,2
114932,6,2
114938,6,2
114944,6,2
114950,6,2
114956,6,2
114962,6,2
114968,6,2
114974,6,2
114980,6,2
114986,6,2
114992,6,2
114998,6,2
115004,6,2
115010,6,2
115016,6,2
115022,6,2
115028,6,2
115034,6,2
115040,6,2
115046,6,2
115052,6,2
115058,6,2
115064,6,2
115070,6,2
115076,6,2
115082,6,2
115088,6,2
115094,6,2
115100,6,2
115106,6,2
115112,6,2
115118,6,2
115124,6,2
115130,6,2
115136,6,2
115142,6,2
115148,6,2
115154,6,2
115160,6,2
115166,6,2
115172,6,2
115178,6,2
115184,6,2
115190,6,2
115196,6,2
115202,6,2
115208,6,2
115214,6,2
115220,6,2
115226,6,2
115232,6,2
115238,6,2
115244,6,2
115250,6,2
115256,6,2
115262,6,2
115268,6,2
115274,6,2
115280,6,2
115286,6,2
115292,6,2
115298,6,2
115304,6,2
115310,6,2
115316,6,2
115322,6,2
115328,6,2
115334,6,2
115340,6,2
115346,6,2
115352,6,2
115358,6,2
115364,6,2
115370,6,2
115376,6,2
115382,6,2
115388,6,2
115394,6,2
115400,6,2
115406,6,2
115412,6,2
115418,6,2
115424,6,2
115430,6,2
115436,6,2
115442,6,2
115448,6,2
115454,6,2
115460,6,2
115466,6,2
115472,6,2
115478,6,2
115484,6,2
115490,6,2
115496,6,2
115502,6,2
115508,6,2
115514,6,2
115520,6,2
115526,6,2
115532,6,2
115538,6,2
115544,6,2
115550,6,2
115556,6,2
115562,6,2
115568,6,2
115574,6,2
115580,6,2
115586,6,2
115592,6,2
115598,6,2
115604,6,2
115610,6,2
115616,6,2
115622,6,2
115628,6,2
115634,6,2
115640,6,2
115646,6,2
115652,6,2
115658,6,2
115664,6,2
115670,6,2
115676,6,2
115682,6,2
115688,6,2
115694,6,2
115700,6,2
115706,6,2
115712,6,2
115718,6,2
115724,6,2
115730,6,2
115736,6,2
115742,6,2
115748,6,2
115754,6,2
115760,6,2
115766,6,2
115772,6,2
115778,6,2
115784,6,2
115790,6,2
115796,6,2
115802,6,2
115808,6,2
115814,6,2
115820,6,2
115826,6,2
115832,6,2
115838,6,2
115844,6,2
115850,6,2
115856,6,2
115862,6,2
115868,6,2
115874,6,2
115880,6,2
115886,6,2
115892,6,2
115898,6,2
115904,6,2
115910,6,2
115916,6,2
115922,6,2
115928,6,2
115934,6,2
115940,6,2
115946,6,2
115952,6,2
115958,6,2
115964,6,2
115970,6,2
115976,6,2
115982,6,2
115988,6,2
115994,6,2
116000,6,2
116006,6,2
116012,6,2
116018,6,2
116024,6,2
116030,6,2
116036,6,2
116042,6,2
116048,6,2
116054,6,2
116060,6,2
116066,6,2
116072,6,2
116078,6,2
116084,6,2
116090,6,2
116096,6,2
116102,6,2
116108,6,2
116114,6,2
116120,6,2
116126,6,2
116132,6,2
116138,6,2
116144,6,2
116150,6,2
116156,6,2
116162,6,2
116168,6,2
116174,6,2
116180,6,2
116186,6,2
116192,6,2
116198,6,2
116204,6,2
116210,6,2
116216,6,2
116222,6,2
116228,6,2
116234,6,2
116240,6,2
116246,6,2
116252,6,2
116258,6,2
116264,6,2
116270,6,2
116276,6,2
116282,6,2
116288,6,2
116294,6,2
116300,6,2
116306,6,2
116312,6,2
116318,6,2
116324,6,2
116330,6,2
116336,6,2
116342,6,2
116348,6,2
116354,6,2
116360,6,2
116366,6,2
116372,6,2
116378,6,2
116384,6,2
116390,6,2
116396,6,2
116402,6,2
116408,6,2
116414,6,2
116420,6,2
116426,6,2
116432,6,2
116438,6,2
116444,6,2
116450,6,2
116456,6,2
116462,6,2
116468,6,2
116474,6,2
116480,6,2
116486,6,2
116492,6,2
116498,6,2
116504,6,2
116510,6,2
116516,6,2
116522,6,2
116528,6,2
116534,6,2
116540,6,2
116546,6,2
116552,6,2
116558,6,2
116564,6,2
116570,6,2
116576,6,2
116582,6,2
116588,6,2
116594,6,2
116600,6,2
116606,6,2
116612,6,2
116618,6,2
116624,6,2
116630,6,2
116636,6,2
116642,6,2
116648,6,2
116654,6,2
116660,6,2
116666,6,2
116672,6,2
116678,6,2
116684,6,2
116690,6,2
116696,6,2
116702,6,2
116708,6,2
116714,6,2
116720,6,2
116726,6,2
116732,6,2
116738,6,2
116744,6,2
116750,6,2
116756,6,2
116762,6,2
116768,6,2
116774,6,2
116780,6,2
116786,6,2
116792,6,2
116798,6,2
116804,6,2
116810,6,2
116816,6,2
116822,6,2
116828,6,2
116834,6,2
116840,6,2
116846,6,2
116852,6,2
116858,6,2
116864,6,2
116870,6,2
116876,6,2
116882,6,2
116888,6,2
116894,6,2
116900,6,2
116906,6,2
116912,6,2
116918,6,2
116924,6,2
116930,6,2
116936,6,2
116942,6,2
116948,6,2
116954,6,2
116960,6,2
116966,6,2
116972,6,2
116978,6,2
116984,6,2
116990,6,2
116996,6,2
117002,6,2
117008,6,2
117014,6,2
117020,6,2
117026,6,2
117032,6,2
117038,6,2
117044,6,2
117050,6,2
117056,6,2
117062,6,2
117068,6,2
117074,6,2
117080,6,2
117086,6,2
117092,6,2
117098,6,2
117104,6,2
117110,6,2
117116,6,2
117122,6,2
117128,6,2
117134,6,2
117140,6,2
117146,6,2
117152,6,2
117158,6,2
117164,6,2
117170,6,2
117176,6,2
117182,6,2
117188,6,2
117194,6,2
117200,6,2
117206,6,2
117212,6,2
117218,6,2
117224,6,2
117230,6,2
117236,6,2
117242,6,2
117248,6,2
117254,6,2
117260,6,2
117266,6,2
117272,6,2
117278,6,2
117284,6,2
117290,6,2
117296,6,2
117302,6,2
117308,6,2
117314,6,2
117320,6,2
117326,6,2
117332,6,2
117338,6,2
117344,6,2
117350,6,2
117356,6,2
117362,6,2
117368,6,2
117374,6,2
117380,6,2
117386,6,2
117392,6,2
117398,6,2
117404,6,2
117410,6,2
117416,6,2
117422,6,2
117428,6,2
117434,6,2
117440,6,2
117446,6,2
117452,6,2
117458,6,2
117464,6,2
117470,6,2
117476,6,2
117482,6,2
117488,6,2
117494,6,2
117500,6,2
117506,6,2
117512,6,2
117518,6,2
117524,6,2
117530,6,2
117536,6,2
117542,6,2
117548,6,2
117554,6,2
117560,6,2
117566,6,2
117572,6,2
117578,6,2
117584,6,2
117590,6,2
117596,6,2
117602,6,2
117608,6,2
117614,6,2
117620,6,2
117626,6,2
117632,6,2
117638,6,2
117644,6,2
117650,6,2
117656,6,2
117662,6,2
117668,6,2
117674,6,2
117680,6,2
117686,6,2
117692,6,2
117698,6,2
117704,6,2
117710,6,2
117716,6,2
117722,6,2
117728,6,2
117734,6,2
117740,6,2
117746,6,2
117752,6,2
117758,6,2
117764,6,2
117770,6,2
117776,6,2
117782,6,2
117788,6,2
117794,6,2
117800,6,2
117806,6,2
117812,6,2
117818,6,2
117824,6,2
117830,6,2
117836,6,2
117842,6,2
117848,6,2
117854,6,2
117860,6,2
117866,6,2
117872,6,2
117878,6,2
117884,6,2
117890,6,2
117896,6,2
117902,6,2
117908,6,2
117914,6,2
117920,6,2
117926,6,2
117932,6,2
117938,6,2
117944,6,2
117950,6,2
117956,6,2
117962,6,2
117968,6,2
117974,6,2
117980,6,2
117986,6,2
117992,6,2
117998,6,2
118004,6,2
118010,6,2
118016,6,2
118022,6,2
118028,6,2
118034,6,2
118040,6,2
118046,6,2
118052,6,2
118058,6,2
118064,6,2
118070,6,2
118076,6,2
118082,6,2
118088,6,2
118094,6,2
118100,6,2
118106,6,2
118112,6,2
118118,6,2
118124,6,2
118130,6,2
118136,6,2
118142,6,2
118148,6,2
118154,6,2
118160,6,2
118166,6,2
118172,6,2
118178,6,2
118184,6,2
118190,6,2
118196,6,2
118202,6,2
118208,6,2
118214,6,2
118220,6,2
118226,6,2
118232,6,2
118238,6,2
118244,6,2
118250,6,2
118256,6,2
118262,6,2
118268,6,2
118274,6,2
118280,6,2
118286,6,2
118292,6,2
118298,6,2
118304,6,2
118310,6,2
118316,6,2
118322,6,2
118328,6,2
118334,6,2
118340,6,2
118346,6,2
118352,6,2
118358,6,2
118364,6,2
118370,6,2
118376,6,2
118382,6,2
118388,6,2
118394,6,2
118400,6,2
118406,6,2
118412,6,2
118418,6,2
118424,6,2
118430,6,2
118436,6,2
118442,6,2
118448,6,2
118454,6,2
118460,6,2
118466,6,2
118472,6,2
118478,6,2
118484,6,2
118490,6,2
118496,6,2
118502,6,2
118508,6,2
118514,6,2
118520,6,2
118526,6,2
118532,6,2
118538,6,2
118544,6,2
118550,6,2
118556,6,2
118562,6,2
118568,6,2
118574,6,2
118580,6,2
118586,6,2
118592,6,2
118598,6,2
118604,6,2
118610,6,2
118616,6,2
118622,6,2
118628,6,2
118634,6,2
118640,6,2
118646,6,2
118652,6,2
118658,6,2
118664,6,2
118670,6,2
118676,6,2
118682,6,2
118688,6,2
118694,6,2
118700,6,2
118706,6,2
118712,6,2
118718,6,2
118724,6,2
118730,6,2
118736,6,2
118742,6,2
118748,6,2
118754,6,2
118760,6,2
118766,6,2
118772,6,2
118778,6,2
118784,6,2
118790,6,2
118796,6,2
118802,6,2
118808,6,2
118814,6,2
118820,6,2
118826,6,2
118832,6,2
118838,6,2
118844,6,2
118850,6,2
118856,6,2
118862,6,2
118868,6,2
118874,6,2
118880,6,2
118886,6,2
118892,6,2
118898,6,2
118904,6,2
118910,6,2
118916,6,2
118922,6,2
118928,6,2
118934,6,2
118940,6,2
118946,6,2
118952,6,2
118958,6,2
118964,6,2
118970,6,2
118976,6,2
118982,6,2
118988,6,2
118994,6,2
119000,6,2
119006,6,2
119012,6,2
119018,6,2
119024,6,2
119030,6,2
119036,6,2
119042,6,2
119048,6,2
119054,6,2
119060,6,2
119066,6,2
119072,6,2
119078,6,2
119084,6,2
119090,6,2
119096,6,2
119102,6,2
119108,6,2
119114,6,2
119120,6,2
119126,6,2
119132,6,2
119138,6,2
119144,6,2
119150,6,2
119156,6,2
119162,6,2
119168,6,2
119174,6,2
119180,6,2
119186,6,2
119192,6,2
119198,6,2
119204,6,2
119210,6,2
119216,6,2
119222,6,2
119228,6,2
119234,6,2
119240,6,2
119246,6,2
119252,6,2
119258,6,2
119264,6,2
119270,6,2
119276,6,2
119282,6,2
119288,6,2
119294,6,2
119300,6,2
119306,6,2
119312,6,2
119318,6,2
119324,6,2
119330,6,2
119336,6,2
119342,6,2
119348,6,2
119354,6,2
119360,6,2
119366,6,2
119372,6,2
119378,6,2
119384,6,2
119390,6,2
119396,6,2
119402,6,2
119408,6,2
119414,6,2
119420,6,2
119426,6,2
119432,6,2
119438,6,2
119444,6,2
119450,6,2
119456,6,2
119462,6,2
119468,6,2
119474,6,2
119480,6,2
119486,6,2
119492,6,2
119498,6,2
119504,6,2
119510,6,2
119516,6,2
119522,6,2
119528,6,2
119534,6,2
119540,6,2
119546,6,2
119552,6,2
119558,6,2
119564,6,2
119570,6,2
119576,6,2
119582,6,2
119588,6,2
119594,6,2
119600,6,2
119606,6,2
119612,6,2
119618,6,2
119624,6,2
119630,6,2
119636,6,2
119642,6,2
119648,6,2
119654,6,2
119660,6,2
119666,6,2
119672,6,2
119678,6,2
119684,6,2
119690,6,2
119696,6,2
119702,6,2
119708,6,2
119714,6,2
119720,6,2
119726,6,2
119732,6,2
119738,6,2
119744,6,2
119750,6,2
119756,6,2
119762,6,2
119768,6,2
119774,6,2
119780,6,2
119786,6,2
119792,6,2
119798,6,2
119804,6,2
119810,6,2
119816,6,2
119822,6,2
119828,6,2
119834,6,2
119840,6,2
119846,6,2
119852,6,2
119858,6,2
119864,6,2
119870,6,2
119876,6,2
119882,6,2
119888,6,2
119894,6,2
119900,6,2
119906,6,2
119912,6,2
119918,6,2
119924,6,2
119930,6,2
119936,6,2
119942,6,2
119948,6,2
119954,6,2
119960,6,2
119966,6,2
119972,6,2
119978,6,2
119984,6,2
119990,6,2
119996,6,2
120002,6,2
120008,6,2
120014,6,2
120020,6,2
120026,6,2
120032,6,2
120038,6,2
120044,6,2
120050,6,2
120056,6,2
120062,6,2
120068,6,2
120074,6,2
120080,6,2
120086,6,2
120092,6,2
120098,6,2
120104,6,2
120110,6,2
120116,6,2
120122,6,2
120128,6,2
120134,6,2
120140,6,2
120146,6,2
120152,6,2
120158,6,2
120164,6,2
120170,6,2
120176,6,2
120182,6,2
120188,6,2
120194,6,2
120200,6,2
120206,6,2
120212,6,2
120218,6,2
120224,6,2
120230,6,2
120236,6,2
120242,6,2
120248,6,2
120254,6,2
120260,6,2
120266,6,2
120272,6,2
120278,6,2
120284,6,2
120290,6,2
120296,6,2
120302,6,2
120308,6,2
120314,6,2
120320,6,2
120326,6,2
120332,6,2
120338,6,2
120344,6,2
120350,6,2
120356,6,2
120362,6,2
120368,6,2
120374,6,2
120380,6,2
120386,6,2
120392,6,2
120398,6,2
120404,6,2
120410,6,2
120416,6,2
120422,6,2
120428,6,2
120434,6,2
120440,6,2
120446,6,2
120452,6,2
120458,6,2
120464,6,2
120470,6,2
120476,6,2
120482,6,2
120488,6,2
120494,6,2
120500,6,2
120506,6,2
120512,6,2
120518,6,2
120524,6,2
120530,6,2
120536,6,2
120542,6,2
120548,6,2
120554,6,2
120560,6,2
120566,6,2
120572,6,2
120578,6,2
120584,6,2
120590,6,2
120596,6,2
120602,6,2
120608,6,2
120614,6,2
120620,6,2
120626,6,2
120632,6,2
120638,6,2
120644,6,2
120650,6,2
120656,6,2
120662,6,2
120668,6,2
120674,6,2
120680,6,2
120686,6,2
120692,6,2
120698,6,2
120704,6,2
120710,6,2
120716,6,2
120722,6,2
120728,6,2
120734,6,2
120740,6,2
120746,6,2
120752,6,2
120758,6,2
120764,6,2
120770,6,2
120776,6,2
120782,6,2
120788,6,2
120794,6,2
120800,6,2
120806,6,2
120812,6,2
120818,6,2
120824,6,2
120830,6,2
120836,6,2
120842,6,2
120848,6,2
120854,6,2
120860,6,2
120866,6,2
120872,6,2
120878,6,2
120884,6,2
120890,6,2
120896,6,2
120902,6,2
120908,6,2
120914,6,2
120920,6,2
120926,6,2
120932,6,2
120938,6,2
120944,6,2
120950,6,2
120956,6,2
120962,6,2
120968,6,2
120974,6,2
120980,6,2
120986,6,2
120992,6,2
120998,6,2
121004,6,2
121010,6,2
121016,6,2
121022,6,2
121028,6,2
121034,6,2
121040,6,2
121046,6,2
121052,6,2
121058,6,2
121064,6,2
121070,6,2
121076,6,2
121082,6,2
121088,6,2
121094,6,2
121100,6,2
121106,6,2
121112,6,2
121118,6,2
121124,6,2
121130,6,2
121136,6,2
121142,6,2
121148,6,2
121154,6,2
121160,6,2
121166,6,2
121172,6,2
121178,6,2
121184,6,2
121190,6,2
121196,6,2
121202,6,2
121208,6,2
121214,6,2
121220,6,2
121226,6,2
121232,6,2
121238,6,2
121244,6,2
121250,6,2
121256,6,2
121262,6,2
121268,6,2
121274,6,2
121280,6,2
121286,6,2
121292,6,2
121298,6,2
121304,6,2
121310,6,2
121316,6,2
121322,6,2
121328,6,2
121334,6,2
121340,6,2
121346,6,2
121352,6,2
121358,6,2
121364,6,2
121370,6,2
121376,6,2
121382,6,2
121388,6,2
121394,6,2
121400,6,2
121406,6,2
121412,6,2
121418,6,2
121424,6,2
121430,6,2
121436,6,2
121442,6,2
121448,6,2
121454,6,2
121460,6,2
121466,6,2
121472,6,2
121478,6,2
121484,6,2
121490,6,2
121496,6,2
121502,6,2
121508,6,2
121514,6,2
121520,6,2
121526,6,2
121532,6,2
121538,6,2
121544,6,2
121550,6,2
121556,6,2
121562,6,2
121568,6,2
121574,6,2
121580,6,2
121586,6,2
121592,6,2
121598,6,2
121604,6,2
121610,6,2
121616,6,2
121622,6,2
121628,6,2
121634,6,2
121640,6,2
121646,6,2
121652,6,2
121658,6,2
121664,6,2
121670,6,2
121676,6,2
121682,6,2
121688,6,2
121694,6,2
121700,6,2
121706,6,2
121712,6,2
121718,6,2
121724,6,2
121730,6,2
121736,6,2
121742,6,2
121748,6,2
121754,6,2
121760,6,2
121766,6,2
121772,6,2
121778,6,2
121784,6,2
121790,6,2
121796,6,2
121802,6,2
121808,6,2
121814,6,2
121820,6,2
121826,6,2
121832,6,2
121838,6,2
121844,6,2
121850,6,2
121856,6,2
121862,6,2
121868,6,2
121874,6,2
121880,6,2
121886,6,2
121892,6,2
121898,6,2
121904,6,2
121910,6,2
121916,6,2
121922,6,2
121928,6,2
121934,6,2
121940,6,2
121946,6,2
121952,6,2
121958,6,2
121964,6,2
121970,6,2
121976,6,2
121982,6,2
121988,6,2
121994,6,2
122000,6,2
122006,6,2
122012,6,2
122018,6,2
122024,6,2
122030,6,2
122036,6,2
122042,6,2
122048,6,2
122054,6,2
122060,6,2
122066,6,2
122072,6,2
122078,6,2
122084,6,2
122090,6,2
122096,6,2
122102,6,2
122108,6,2
122114,6,2
122120,6,2
122126,6,2
122132,6,2
122138,6,2
122144,6,2
122150,6,2
122156,6,2
122162,6,2
122168,6,2
122174,6,2
122180,6,2
122186,6,2
122192,6,2
122198,6,2
122204,6,2
122210,6,2
122216,6,2
122222,6,2
122228,6,2
122234,6,2
122240,6,2
122246,6,2
122252,6,2
122258,6,2
122264,6,2
122270,6,2
122276,6,2
122282,6,2
122288,6,2
122294,6,2
122300,6,2
122306,6,2
122312,6,2
122318,6,2
122324,6,2
122330,6,2
122336,6,2
122342,6,2
122348,6,2
122354,6,2
122360,6,2
122366,6,2
122372,6,2
122378,6,2
122384,6,2
122390,6,2
122396,6,2
122402,6,2
122408,6,2
122414,6,2
122420,6,2
122426,6,2
122432,6,2
122438,6,2
122444,6,2
122450,6,2
122456,6,2
122462,6,2
122468,6,2
122474,6,2
122480,6,2
122486,6,2
122492,6,2
122498,6,2
122504,6,2
122510,6,2
122516,6,2
122522,6,2
122528,6,2
122534,6,2
122540,6,2
122546,6,2
122552,6,2
122558,6,2
122564,6,2
122570,6,2
122576,6,2
122582,6,2
122588,6,2
122594,6,2
122600,6,2
122606,6,2
122612,6,2
122618,6,2
122624,6,2
122630,6,2
122636,6,2
122642,6,2
122648,6,2
122654,6,2
122660,6,2
122666,6,2
122672,6,2
122678,6,2
122684,6,2
122690,6,2
122696,6,2
122702,6,2
122708,6,2
122714,6,2
122720,6,2
122726,6,2
122732,6,2
122738,6,2
122744,6,2
122750,6,2
122756,6,2
122762,6,2
122768,6,2
122774,6,2
122780,6,2
122786,6,2
122792,6,2
122798,6,2
122804,6,2
122810,6,2
122816,6,2
122822,6,2
122828,6,2
122834,6,2
122840,6,2
122846,6,2
122852,6,2
122858,6,2
122864,6,2
122870,6,2
122876,6,2
122882,6,2
122888,6,2
122894,6,2
122900,6,2
122906,6,2
122912,6,2
122918,6,2
122924,6,2
122930,6,2
122936,6,2
122942,6,2
122948,6,2
122954,6,2
122960,6,2
122966,6,2
122972,6,2
122978,6,2
122984,6,2
122990,6,2
122996,6,2
123002,6,2
123008,6,2
123014,6,2
123020,6,2
123026,6,2
123032,6,2
123038,6,2
123044,6,2
123050,6,2
123056,6,2
123062,6,2
123068,6,2
123074,6,2
123080,6,2
123086,6,2
123092,6,2
123098,6,2
123104,6,2
123110,6,2
123116,6,2
123122,6,2
123128,6,2
123134,6,2
123140,6,2
123146,6,2
123152,6,2
123158,6,2
123164,6,2
123170,6,2
123176,6,2
123182,6,2
123188,6,2
123194,6,2
123200,6,2
123206,6,2
123212,6,2
123218,6,2
123224,6,2
123230,6,2
123236,6,2
123242,6,2
123248,6,2
123254,6,2
123260,6,2
123266,6,2
123272,6,2
123278,6,2
123284,6,2
123290,6,2
123296,6,2
123302,6,2
123308,6,2
123314,6,2
123320,6,2
123326,6,2
123332,6,2
123338,6,2
123344,6,2
123350,6,2
123356,6,2
123362,6,2
123368,6,2
123374,6,2
123380,6,2
123386,6,2
123392,6,2
123398,6,2
123404,6,2
123410,6,2
123416,6,2
123422,6,2
123428,6,2
123434,6,2
123440,6,2
123446,6,2
123452,6,2
123458,6,2
123464,6,2
123470,6,2
123476,6,2
123482,6,2
123488,6,2
123494,6,2
123500,6,2
123506,6,2
123512,6,2
123518,6,2
123524,6,2
123530,6,2
123536,6,2
123542,6,2
123548,6,2
123554,6,2
123560,6,2
123566,6,2
123572,6,2
123578,6,2
123584,6,2
123590,6,2
123596,6,2
123602,6,2
123608,6,2
123614,6,2
123620,6,2
123626,6,2
123632,6,2
123638,6,2
123644,6,2
123650,6,2
123656,6,2
123662,6,2
123668,6,2
123674,6,2
123680,6,2
123686,6,2
123692,6,2
123698,6,2
123704,6,2
123710,6,2
123716,6,2
123722,6,2
123728,6,2
123734,6,2
123740,6,2
123746,6,2
123752,6,2
123758,6,2
123764,6,2
123770,6,2
123776,6,2
123782,6,2
123788,6,2
123794,6,2
123800,6,2
123806,6,2
123812,6,2
123818,6,2
123824,6,2
123830,6,2
123836,6,2
123842,6,2
123848,6,2
123854,6,2
123860,6,2
123866,6,2
123872,6,2
123878,6,2
123884,6,2
123890,6,2
123896,6,2
123902,6,2
123908,6,2
123914,6,2
123920,6,2
123926,6,2
123932,6,2
123938,6,2
123944,6,2
123950,6,2
123956,6,2
123962,6,2
123968,6,2
123974,6,2
123980,6,2
123986,6,2
123992,6,2
123998,6,2
124004,6,2
124010,6,2
124016,6,2
124022,6,2
124028,6,2
124034,6,2
124040,6,2
124046,6,2
124052,6,2
124058,6,2
124064,6,2
124070,6,2
124076,6,2
124082,6,2
124088,6,2
124094,6,2
124100,6,2
124106,6,2
124112,6,2
124118,6,2
124124,6,2
124130,6,2
124136,6,2
124142,6,2
124148,6,2
124154,6,2
124160,6,2
124166,6,2
124172,6,2
124178,6,2
124184,6,2
124190,6,2
124196,6,2
124202,6,2
124208,6,2
124214,6,2
124220,6,2
124226,6,2
124232,6,2
124238,6,2
124244,6,2
124250,6,2
124256,6,2
124262,6,2
124268,6,2
124274,6,2
124280,6,2
124286,6,2
124292,6,2
124298,6,2
124304,6,2
124310,6,2
124316,6,2
124322,6,2
124328,6,2
124334,6,2
124340,6,2
124346,6,2
124352,6,2
124358,6,2
124364,6,2
124370,6,2
124376,6,2
124382,6,2
124388,6,2
124394,6,2
124400,6,2
124406,6,2
124412,6,2
124418,6,2
124424,6,2
124430,6,2
124436,6,2
124442,6,2
124448,6,2
124454,6,2
124460,6,2
124466,6,2
124472,6,2
124478,6,2
124484,6,2
124490,6,2
124496,6,2
124502,6,2
124508,6,2
124514,6,2
124520,6,2
124526,6,2
124532,6,2
124538,6,2
124544,6,2
124550,6,2
124556,6,2
124562,6,2
124568,6,2
124574,6,2
124580,6,2
124586,6,2
124592,6,2
124598,6,2
124604,6,2
124610,6,2
124616,6,2
124622,6,2
124628,6,2
124634,6,2
124640,6,2
124646,6,2
124652,6,2
124658,6,2
124664,6,2
124670,6,2
124676,6,2
124682,6,2
124688,6,2
124694,6,2
124700,6,2
124706,6,2
124712,6,2
124718,6,2
124724,6,2
124730,6,2
124736,6,2
124742,6,2
124748,6,2
124754,6,2
124760,6,2
124766,6,2
124772,6,2
124778,6,2
124784,6,2
124790,6,2
124796,6,2
124802,6,2
124808,6,2
124814,6,2
124820,6,2
124826,6,2
124832,6,2
124838,6,2
124844,6,2
124850,6,2
124856,6,2
124862,6,2
124868,6,2
124874,6,2
124880,6,2
124886,6,2
124892,6,2
124898,6,2
124904,6,2
124910,6,2
124916,6,2
124922,6,2
124928,6,2
124934,6,2
124940,6,2
124946,6,2
124952,6,2
124958,6,2
124964,6,2
124970,6,2
124976,6,2
124982,6,2
124988,6,2
124994,6,2
125000,6,2
125006,6,2
125012,6,2
125018,6,2
125024,6,2
125030,6,2
125036,6,2
125042,6,2
125048,6,2
125054,6,2
125060,6,2
125066,6,2
125072,6,2
125078,6,2
125084,6,2
125090,6,2
125096,6,2
125102,6,2
125108,6,2
125114,6,2
125120,6,2
125126,6,2
125132,6,2
125138,6,2
125144,6,2
125150,6,2
125156,6,2
125162,6,2
125168,6,2
125174,6,2
125180,6,2
125186,6,2
125192,6,2
125198,6,2
125204,6,2
125210,6,2
125216,6,2
125222,6,2
125228,6,2
125234,6,2
125240,6,2
125246,6,2
125252,6,2
125258,6,2
125264,6,2
125270,6,2
125276,6,2
125282,6,2
125288,6,2
125294,6,2
125300,6,2
125306,6,2
125312,6,2
125318,6,2
125324,6,2
125330,6,2
125336,6,2
125342,6,2
125348,6,2
125354,6,2
125360,6,2
125366,6,2
125372,6,2
125378,6,2
125384,6,2
125390,6,2
125396,6,2
125402,6,2
125408,6,2
125414,6,2
125420,6,2
125426,6,2
125432,6,2
125438,6,2
125444,6,2
125450,6,2
125456,6,2
125462,6,2
125468,6,2
125474,6,2
125480,6,2
125486,6,2
125492,6,2
125498,6,2
125504,6,2
125510,6,2
125516,6,2
125522,6,2
125528,6,2
125534,6,2
125540,6,2
125546,6,2
125552,6,2
125558,6,2
125564,6,2
125570,6,2
125576,6,2
125582,6,2
125588,6,2
125594,6,2
125600,6,2
125606,6,2
125612,6,2
125618,6,2
125624,6,2
125630,6,2
125636,6,2
125642,6,2
125648,6,2
125654,6,2
125660,6,2
125666,6,2
125672,6,2
125678,6,2
125684,6,2
125690,6,2
125696,6,2
125702,6,2
125708,6,2
125714,6,2
125720,6,2
125726,6,2
125732,6,2
125738,6,2
125744,6,2
125750,6,2
125756,6,2
125762,6,2
125768,6,2
125774,6,2
125780,6,2
125786,6,2
125792,6,2
125798,6,2
125804,6,2
125810,6,2
125816,6,2
125822,6,2
125828,6,2
125834,6,2
125840,6,2
125846,6,2
125852,6,2
125858,6,2
125864,6,2
125870,6,2
125876,6,2
125882,6,2
125888,6,2
125894,6,2
125900,6,2
125906,6,2
125912,6,2
125918,6,2
125924,6,2
125930,6,2
125936,6,2
125942,6,2
125948,6,2
125954,6,2
125960,6,2
125966,6,2
125972,6,2
125978,6,2
125984,6,2
125990,6,2
125996,6,2
126002,6,2
126008,6,2
126014,6,2
126020,6,2
126026,6,2
126032,6,2
126038,6,2
126044,6,2
126050,6,2
126056,6,2
126062,6,2
126068,6,2
126074,6,2
126080,6,2
126086,6,2
126092,6,2
126098,6,2
126104,6,2
126110,6,2
126116,6,2
126122,6,2
126128,6,2
126134,6,2
126140,6,2
126146,6,2
126152,6,2
126158,6,2
126164,6,2
126170,6,2
126176,6,2
126182,6,2
126188,6,2
126194,6,2
126200,6,2
126206,6,2
126212,6,2
126218,6,2
126224,6,2
126230,6,2
126236,6,2
126242,6,2
126248,6,2
126254,6,2
126260,6,2
126266,6,2
126272,6,2
126278,6,2
126284,6,2
126290,6,2
126296,6,2
126302,6,2
126308,6,2
126314,6,2
126320,6,2
126326,6,2
126332,6,2
126338,6,2
126344,6,2
126350,6,2
126356,6,2
126362,6,2
126368,6,2
126374,6,2
126380,6,2
126386,6,2
126392,6,2
126398,6,2
126404,6,2
126410,6,2
126416,6,2
126422,6,2
126428,6,2
126434,6,2
126440,6,2
126446,6,2
126452,6,2
126458,6,2
126464,6,2
126470,6,2
126476,6,2
126482,6,2
126488,6,2
126494,6,2
126500,6,2
126506,6,2
126512,6,2
126518,6,2
126524,6,2
126530,6,2
126536,6,2
126542,6,2
126548,6,2
126554,6,2
126560,6,2
126566,6,2
126572,6,2
126578,6,2
126584,6,2
126590,6,2
126596,6,2
126602,6,2
126608,6,2
126614,6,2
126620,6,2
126626,6,2
126632,6,2
126638,6,2
126644,6,2
126650,6,2
126656,6,2
126662,6,2
126668,6,2
126674,6,2
126680,6,2
126686,6,2
126692,6,2
126698,6,2
126704,6,2
126710,6,2
126716,6,2
126722,6,2
126728,6,2
126734,6,2
126740,6,2
126746,6,2
126752,6,2
126758,6,2
126764,6,2
126770,6,2
126776,6,2
126782,6,2
126788,6,2
126794,6,2
126800,6,2
126806,6,2
126812,6,2
126818,6,2
126824,6,2
126830,6,2
126836,6,2
126842,6,2
126848,6,2
126854,6,2
126860,6,2
126866,6,2
126872,6,2
126878,6,2
126884,6,2
126890,6,2
126896,6,2
126902,6,2
126908,6,2
126914,6,2
126920,6,2
126926,6,2
126932,6,2
126938,6,2
126944,6,2
126950,6,2
126956,6,2
126962,6,2
126968,6,2
126974,6,2
