0,5
5,5
10,5
15,5
20,5
25,5
30,5
35,5
40,5
45,5
50,5
55,5
60,5
65,5
70,5
75,5
80,5
85,5
90,5
95,5
100,5
105,5
110,5
115,5
120,5
125,5
130,5
135,5
140,5
145,5
150,5
155,5
160,5
165,5
170,5
175,5
180,5
185,5
190,5
195,5
200,5
205,5
210,5
215,5
220,5
225,5
230,5
235,5
240,5
245,5
250,5
255,5
260,5
265,5
270,5
275,5
280,5
285,5
290,5
295,5
300,5
305,5
310,5
315,5
320,5
325,5
330,5
335,5
340,5
345,5
350,5
355,5
360,5
365,5
370,5
375,5
380,5
385,5
390,5
395,5
400,5
405,5
410,5
415,5
420,5
425,5
430,5
435,5
440,5
445,5
450,5
455,5
460,5
465,5
470,5
475,5
480,5
485,5
490,5
495,5
500,5
505,5
510,5
515,5
520,5
525,5
530,5
535,5
540,5
545,5
550,5
555,5
560,5
565,5
570,5
575,5
580,5
585,5
590,5
595,5
600,5
605,5
610,5
615,5
620,5
625,5
630,5
635,5
640,5
645,5
650,5
655,5
660,5
665,5
670,5
675,5
680,5
685,5
690,5
695,5
700,5
705,5
710,5
715,5
720,5
725,5
730,5
735,5
740,5
745,5
750,5
755,5
760,5
765,5
770,5
775,5
780,5
785,5
790,5
795,5
800,5
805,5
810,5
815,5
820,5
825,5
830,5
835,5
840,5
845,5
850,5
855,5
860,5
865,5
870,5
875,5
880,5
885,5
890,5
895,5
900,5
905,5
910,5
915,5
920,5
925,5
930,5
935,5
940,5
945,5
950,5
955,5
960,5
965,5
970,5
975,5
980,5
985,5
990,5
995,5
1000,5
1005,5
1010,5
1015,5
1020,5
1025,5
1030,5
1035,5
1040,5
1045,5
1050,5
1055,5
1060,5
1065,5
1070,5
1075,5
1080,5
1085,5
1090,5
1095,5
1100,5
1105,5
1110,5
1115,5
1120,5
1125,5
1130,5
1135,5
1140,5
1145,5
1150,5
1155,5
1160,5
1165,5
1170,5
1175,5
1180,5
1185,5
1190,5
1195,5
1200,5
1205,5
1210,5
1215,5
1220,5
1225,5
1230,5
1235,5
1240,5
1245,5
1250,5
1255,5
1260,5
1265,5
1270,5
1275,5
1280,5
1285,5
1290,5
1295,5
1300,5
1305,5
1310,5
1315,5
1320,5
1325,5
1330,5
1335,5
1340,5
1345,5
1350,5
1355,5
1360,5
1365,5
1370,5
1375,5
1380,5
1385,5
1390,5
1395,5
1400,5
1405,5
1410,5
1415,5
1420,5
1425,5
1430,5
1435,5
1440,5
1445,5
1450,5
1455,5
1460,5
1465,5
1470,5
1475,5
1480,5
1485,5
1490,5
1495,5
1500,5
1505,5
1510,5
1515,5
1520,5
1525,5
1530,5
1535,5
1540,5
1545,5
1550,5
1555,5
1560,5
1565,5
1570,5
1575,5
1580,5
1585,5
1590,5
1595,5
1600,5
1605,5
1610,5
1615,5
1620,5
1625,5
1630,5
1635,5
1640,5
1645,5
1650,5
1655,5
1660,5
1665,5
1670,5
1675,5
1680,5
1685,5
1690,5
1695,5
1700,5
1705,5
1710,5
1715,5
1720,5
1725,5
1730,5
1735,5
1740,5
1745,5
1750,5
1755,5
1760,5
1765,5
1770,5
1775,5
1780,5
1785,5
1790,5
1795,5
1800,5
1805,5
1810,5
1815,5
1820,5
1825,5
1830,5
1835,5
1840,5
1845,5
1850,5
1855,5
1860,5
1865,5
1870,5
1875,5
1880,5
1885,5
1890,5
1895,5
1900,5
1905,5
1910,5
1915,5
1920,5
1925,5
1930,5
1935,5
1940,5
1945,5
1950,5
1955,5
1960,5
1965,5
1970,5
1975,5
1980,5
1985,5
1990,5
1995,5
2000,5
2005,5
2010,5
2015,5
2020,5
2025,5
2030,5
2035,5
2040,5
2045,5
2050,5
2055,5
2060,5
2065,5
2070,5
2075,5
2080,5
2085,5
2090,5
2095,5
2100,5
2105,5
2110,5
2115,5
2120,5
2125,5
2130,5
2135,5
2140,5
2145,5
2150,5
2155,5
2160,5
2165,5
2170,5
2175,5
2180,5
2185,5
2190,5
2195,5
2200,5
2205,5
2210,5
2215,5
2220,5
2225,5
2230,5
2235,5
2240,5
2245,5
2250,5
2255,5
2260,5
2265,5
2270,5
2275,5
2280,5
2285,5
2290,5
2295,5
2300,5
2305,5
2310,5
2315,5
2320,5
2325,5
2330,5
2335,5
2340,5
2345,5
2350,5
2355,5
2360,5
2365,5
2370,5
2375,5
2380,5
2385,5
2390,5
2395,5
2400,5
2405,5
2410,5
2415,5
2420,5
2425,5
2430,5
2435,5
2440,5
2445,5
2450,5
2455,5
2460,5
2465,5
2470,5
2475,5
2480,5
2485,5
2490,5
2495,5
2500,5
2505,5
2510,5
2515,5
2520,5
2525,5
2530,5
2535,5
2540,5
2545,5
2550,5
2555,5
2560,5
2565,5
2570,5
2575,5
2580,5
2585,5
2590,5
2595,5
2600,5
2605,5
2610,5
2615,5
2620,5
2625,5
2630,5
2635,5
2640,5
2645,5
2650,5
2655,5
2660,5
2665,5
2670,5
2675,5
2680,5
2685,5
2690,5
2695,5
2700,5
2705,5
2710,5
2715,5
2720,5
2725,5
2730,5
2735,5
2740,5
2745,5
2750,5
2755,5
2760,5
2765,5
2770,5
2775,5
2780,5
2785,5
2790,5
2795,5
2800,5
2805,5
2810,5
2815,5
2820,5
2825,5
2830,5
2835,5
2840,5
2845,5
2850,5
2855,5
2860,5
2865,5
2870,5
2875,5
2880,5
2885,5
2890,5
2895,5
2900,5
2905,5
2910,5
2915,5
2920,5
2925,5
2930,5
2935,5
2940,5
2945,5
2950,5
2955,5
2960,5
2965,5
2970,5
2975,5
2980,5
2985,5
2990,5
2995,5
3000,5
3005,5
3010,5
3015,5
3020,5
3025,5
3030,5
3035,5
3040,5
3045,5
3050,5
3055,5
3060,5
3065,5
3070,5
3075,5
3080,5
3085,5
3090,5
3095,5
3100,5
3105,5
3110,5
3115,5
3120,5
3125,5
3130,5
3135,5
3140,5
3145,5
3150,5
3155,5
3160,5
3165,5
3170,5
3175,5
3180,5
3185,5
3190,5
3195,5
3200,5
3205,5
3210,5
3215,5
3220,5
3225,5
3230,5
3235,5
3240,5
3245,5
3250,5
3255,5
3260,5
3265,5
3270,5
3275,5
3280,5
3285,5
3290,5
3295,5
3300,5
3305,5
3310,5
3315,5
3320,5
3325,5
3330,5
3335,5
3340,5
3345,5
3350,5
3355,5
3360,5
3365,5
3370,5
3375,5
3380,5
3385,5
3390,5
3395,5
3400,5
3405,5
3410,5
3415,5
3420,5
3425,5
3430,5
3435,5
3440,5
3445,5
3450,5
3455,5
3460,5
3465,5
3470,5
3475,5
3480,5
3485,5
3490,5
3495,5
3500,5
3505,5
3510,5
3515,5
3520,5
3525,5
3530,5
3535,5
3540,5
3545,5
3550,5
3555,5
3560,5
3565,5
3570,5
3575,5
3580,5
3585,5
3590,5
3595,5
3600,5
3605,5
3610,5
3615,5
3620,5
3625,5
3630,5
3635,5
3640,5
3645,5
3650,5
3655,5
3660,5
3665,5
3670,5
3675,5
3680,5
3685,5
3690,5
3695,5
3700,5
3705,5
3710,5
3715,5
3720,5
3725,5
3730,5
3735,5
3740,5
3745,5
3750,5
3755,5
3760,5
3765,5
3770,5
3775,5
3780,5
3785,5
3790,5
3795,5
3800,5
3805,5
3810,5
3815,5
3820,5
3825,5
3830,5
3835,5
3840,5
3845,5
3850,5
3855,5
3860,5
3865,5
3870,5
3875,5
3880,5
3885,5
3890,5
3895,5
3900,5
3905,5
3910,5
3915,5
3920,5
3925,5
3930,5
3935,5
3940,5
3945,5
3950,5
3955,5
3960,5
3965,5
3970,5
3975,5
3980,5
3985,5
3990,5
3995,5
4000,5
4005,5
4010,5
4015,5
4020,5
4025,5
4030,5
4035,5
4040,5
4045,5
4050,5
4055,5
4060,5
4065,5
4070,5
4075,5
4080,5
4085,5
4090,5
4095,5
4100,5
4105,5
4110,5
4115,5
4120,5
4125,5
4130,5
4135,5
4140,5
4145,5
4150,5
4155,5
4160,5
4165,5
4170,5
4175,5
4180,5
4185,5
4190,5
4195,5
4200,5
4205,5
4210,5
4215,5
4220,5
4225,5
4230,5
4235,5
4240,5
4245,5
4250,5
4255,5
4260,5
4265,5
4270,5
4275,5
4280,5
4285,5
4290,5
4295,5
4300,5
4305,5
4310,5
4315,5
4320,5
4325,5
4330,5
4335,5
4340,5
4345,5
4350,5
4355,5
4360,5
4365,5
4370,5
4375,5
4380,5
4385,5
4390,5
4395,5
4400,5
4405,5
4410,5
4415,5
4420,5
4425,5
4430,5
4435,5
4440,5
4445,5
4450,5
4455,5
4460,5
4465,5
4470,5
4475,5
4480,5
4485,5
4490,5
4495,5
4500,5
4505,5
4510,5
4515,5
4520,5
4525,5
4530,5
4535,5
4540,5
4545,5
4550,5
4555,5
4560,5
4565,5
4570,5
4575,5
4580,5
4585,5
4590,5
4595,5
4600,5
4605,5
4610,5
4615,5
4620,5
4625,5
4630,5
4635,5
4640,5
4645,5
4650,5
4655,5
4660,5
4665,5
4670,5
4675,5
4680,5
4685,5
4690,5
4695,5
4700,5
4705,5
4710,5
4715,5
4720,5
4725,5
4730,5
4735,5
4740,5
4745,5
4750,5
4755,5
4760,5
4765,5
4770,5
4775,5
4780,5
4785,5
4790,5
4795,5
4800,5
4805,5
4810,5
4815,5
4820,5
4825,5
4830,5
4835,5
4840,5
4845,5
4850,5
4855,5
4860,5
4865,5
4870,5
4875,5
4880,5
4885,5
4890,5
4895,5
4900,5
4905,5
4910,5
4915,5
4920,5
4925,5
4930,5
4935,5
4940,5
4945,5
4950,5
4955,5
4960,5
4965,5
4970,5
4975,5
4980,5
4985,5
4990,5
4995,5
5000,5
5005,5
5010,5
5015,5
5020,5
5025,5
5030,5
5035,5
5040,5
5045,5
5050,5
5055,5
5060,5
5065,5
5070,5
5075,5
5080,5
5085,5
5090,5
5095,5
5100,5
5105,5
5110,5
5115,5
5120,5
5125,5
5130,5
5135,5
5140,5
5145,5
5150,5
5155,5
5160,5
5165,5
5170,5
5175,5
5180,5
5185,5
5190,5
5195,5
5200,5
5205,5
5210,5
5215,5
5220,5
5225,5
5230,5
5235,5
5240,5
5245,5
5250,5
5255,5
5260,5
5265,5
5270,5
5275,5
5280,5
5285,5
5290,5
5295,5
5300,5
5305,5
5310,5
5315,5
5320,5
5325,5
5330,5
5335,5
5340,5
5345,5
5350,5
5355,5
5360,5
5365,5
5370,5
5375,5
5380,5
5385,5
5390,5
5395,5
5400,5
5405,5
5410,5
5415,5
5420,5
5425,5
5430,5
5435,5
5440,5
5445,5
5450,5
5455,5
5460,5
5465,5
5470,5
5475,5
5480,5
5485,5
5490,5
5495,5
5500,5
5505,5
5510,5
5515,5
5520,5
5525,5
5530,5
5535,5
5540,5
5545,5
5550,5
5555,5
5560,5
5565,5
5570,5
5575,5
5580,5
5585,5
5590,5
5595,5
5600,5
5605,5
5610,5
5615,5
5620,5
5625,5
5630,5
5635,5
5640,5
5645,5
5650,5
5655,5
5660,5
5665,5
5670,5
5675,5
5680,5
5685,5
5690,5
5695,5
5700,5
5705,5
5710,5
5715,5
5720,5
5725,5
5730,5
5735,5
5740,5
5745,5
5750,5
5755,5
5760,5
5765,5
5770,5
5775,5
5780,5
5785,5
5790,5
5795,5
5800,5
5805,5
5810,5
5815,5
5820,5
5825,5
5830,5
5835,5
5840,5
5845,5
5850,5
5855,5
5860,5
5865,5
5870,5
5875,5
5880,5
5885,5
5890,5
5895,5
5900,5
5905,5
5910,5
5915,5
5920,5
5925,5
5930,5
5935,5
5940,5
5945,5
5950,5
5955,5
5960,5
5965,5
5970,5
5975,5
5980,5
5985,5
5990,5
5995,5
6000,5
6005,5
6010,5
6015,5
6020,5
6025,5
6030,5
6035,5
6040,5
6045,5
6050,5
6055,5
6060,5
6065,5
6070,5
6075,5
6080,5
6085,5
6090,5
6095,5
6100,5
6105,5
6110,5
6115,5
6120,5
6125,5
6130,5
6135,5
6140,5
6145,5
6150,5
6155,5
6160,5
6165,5
6170,5
6175,5
6180,5
6185,5
6190,5
6195,5
6200,5
6205,5
6210,5
6215,5
6220,5
6225,5
6230,5
6235,5
6240,5
6245,5
6250,5
6255,5
6260,5
6265,5
6270,5
6275,5
6280,5
6285,5
6290,5
6295,5
6300,5
6305,5
6310,5
6315,5
6320,5
6325,5
6330,5
6335,5
6340,5
6345,5
6350,5
6355,5
6360,5
6365,5
6370,5
6375,5
6380,5
6385,5
6390,5
6395,5
6400,5
6405,5
6410,5
6415,5
6420,5
6425,5
6430,5
6435,5
6440,5
6445,5
6450,5
6455,5
6460,5
6465,5
6470,5
6475,5
6480,5
6485,5
6490,5
6495,5
6500,5
6505,5
6510,5
6515,5
6520,5
6525,5
6530,5
6535,5
6540,5
6545,5
6550,5
6555,5
6560,5
6565,5
6570,5
6575,5
6580,5
6585,5
6590,5
6595,5
6600,5
6605,5
6610,5
6615,5
6620,5
6625,5
6630,5
6635,5
6640,5
6645,5
6650,5
6655,5
6660,5
6665,5
6670,5
6675,5
6680,5
6685,5
6690,5
6695,5
6700,5
6705,5
6710,5
6715,5
6720,5
6725,5
6730,5
6735,5
6740,5
6745,5
6750,5
6755,5
6760,5
6765,5
6770,5
6775,5
6780,5
6785,5
6790,5
6795,5
6800,5
6805,5
6810,5
6815,5
6820,5
6825,5
6830,5
6835,5
6840,5
6845,5
6850,5
6855,5
6860,5
6865,5
6870,5
6875,5
6880,5
6885,5
6890,5
6895,5
6900,5
6905,5
6910,5
6915,5
6920,5
6925,5
6930,5
6935,5
6940,5
6945,5
6950,5
6955,5
6960,5
6965,5
6970,5
6975,5
6980,5
6985,5
6990,5
6995,5
7000,5
7005,5
7010,5
7015,5
7020,5
7025,5
7030,5
7035,5
7040,5
7045,5
7050,5
7055,5
7060,5
7065,5
7070,5
7075,5
7080,5
7085,5
7090,5
7095,5
7100,5
7105,5
7110,5
7115,5
7120,5
7125,5
7130,5
7135,5
7140,5
7145,5
7150,5
7155,5
7160,5
7165,5
7170,5
7175,5
7180,5
7185,5
7190,5
7195,5
7200,5
7205,5
7210,5
7215,5
7220,5
7225,5
7230,5
7235,5
7240,5
7245,5
7250,5
7255,5
7260,5
7265,5
7270,5
7275,5
7280,5
7285,5
7290,5
7295,5
7300,5
7305,5
7310,5
7315,5
7320,5
7325,5
7330,5
7335,5
7340,5
7345,5
7350,5
7355,5
7360,5
7365,5
7370,5
7375,5
7380,5
7385,5
7390,5
7395,5
7400,5
7405,5
7410,5
7415,5
7420,5
7425,5
7430,5
7435,5
7440,5
7445,5
7450,5
7455,5
7460,5
7465,5
7470,5
7475,5
7480,5
7485,5
7490,5
7495,5
7500,5
7505,5
7510,5
7515,5
7520,5
7525,5
7530,5
7535,5
7540,5
7545,5
7550,5
7555,5
7560,5
7565,5
7570,5
7575,5
7580,5
7585,5
7590,5
7595,5
7600,5
7605,5
7610,5
7615,5
7620,5
7625,5
7630,5
7635,5
7640,5
7645,5
7650,5
7655,5
7660,5
7665,5
7670,5
7675,5
7680,5
7685,5
7690,5
7695,5
7700,5
7705,5
7710,5
7715,5
7720,5
7725,5
7730,5
7735,5
7740,5
7745,5
7750,5
7755,5
7760,5
7765,5
7770,5
7775,5
7780,5
7785,5
7790,5
7795,5
7800,5
7805,5
7810,5
7815,5
7820,5
7825,5
7830,5
7835,5
7840,5
7845,5
7850,5
7855,5
7860,5
7865,5
7870,5
7875,5
7880,5
7885,5
7890,5
7895,5
7900,5
7905,5
7910,5
7915,5
7920,5
7925,5
7930,5
7935,5
7940,5
7945,5
7950,5
7955,5
7960,5
7965,5
7970,5
7975,5
7980,5
7985,5
7990,5
7995,5
8000,5
8005,5
8010,5
8015,5
8020,5
8025,5
8030,5
8035,5
8040,5
8045,5
8050,5
8055,5
8060,5
8065,5
8070,5
8075,5
8080,5
8085,5
8090,5
8095,5
8100,5
8105,5
8110,5
8115,5
8120,5
8125,5
8130,5
8135,5
8140,5
8145,5
8150,5
8155,5
8160,5
8165,5
8170,5
8175,5
8180,5
8185,5
8190,5
8195,5
8200,5
8205,5
8210,5
8215,5
8220,5
8225,5
8230,5
8235,5
8240,5
8245,5
8250,5
8255,5
8260,5
8265,5
8270,5
8275,5
8280,5
8285,5
8290,5
8295,5
8300,5
8305,5
8310,5
8315,5
8320,5
8325,5
8330,5
8335,5
8340,5
8345,5
8350,5
8355,5
8360,5
8365,5
8370,5
8375,5
8380,5
8385,5
8390,5
8395,5
8400,5
8405,5
8410,5
8415,5
8420,5
8425,5
8430,5
8435,5
8440,5
8445,5
8450,5
8455,5
8460,5
8465,5
8470,5
8475,5
8480,5
8485,5
8490,5
8495,5
8500,5
8505,5
8510,5
8515,5
8520,5
8525,5
8530,5
8535,5
8540,5
8545,5
8550,5
8555,5
8560,5
8565,5
8570,5
8575,5
8580,5
8585,5
8590,5
8595,5
8600,5
8605,5
8610,5
8615,5
8620,5
8625,5
8630,5
8635,5
8640,5
8645,5
8650,5
8655,5
8660,5
8665,5
8670,5
8675,5
8680,5
8685,5
8690,5
8695,5
8700,5
8705,5
8710,5
8715,5
8720,5
8725,5
8730,5
8735,5
8740,5
8745,5
8750,5
8755,5
8760,5
8765,5
8770,5
8775,5
8780,5
8785,5
8790,5
8795,5
8800,5
8805,5
8810,5
8815,5
8820,5
8825,5
8830,5
8835,5
8840,5
8845,5
8850,5
8855,5
8860,5
8865,5
8870,5
8875,5
8880,5
8885,5
8890,5
8895,5
8900,5
8905,5
8910,5
8915,5
8920,5
8925,5
8930,5
8935,5
8940,5
8945,5
8950,5
8955,5
8960,5
8965,5
8970,5
8975,5
8980,5
8985,5
8990,5
8995,5
9000,5
9005,5
9010,5
9015,5
9020,5
9025,5
9030,5
9035,5
9040,5
9045,5
9050,5
9055,5
9060,5
9065,5
9070,5
9075,5
9080,5
9085,5
9090,5
9095,5
9100,5
9105,5
9110,5
9115,5
9120,5
9125,5
9130,5
9135,5
9140,5
9145,5
9150,5
9155,5
9160,5
9165,5
9170,5
9175,5
9180,5
9185,5
9190,5
9195,5
9200,5
9205,5
9210,5
9215,5
9220,5
9225,5
9230,5
9235,5
9240,5
9245,5
9250,5
9255,5
9260,5
9265,5
9270,5
9275,5
9280,5
9285,5
9290,5
9295,5
9300,5
9305,5
9310,5
9315,5
9320,5
9325,5
9330,5
9335,5
9340,5
9345,5
9350,5
9355,5
9360,5
9365,5
9370,5
9375,5
9380,5
9385,5
9390,5
9395,5
9400,5
9405,5
9410,5
9415,5
9420,5
9425,5
9430,5
9435,5
9440,5
9445,5
9450,5
9455,5
9460,5
9465,5
9470,5
9475,5
9480,5
9485,5
9490,5
9495,5
9500,5
9505,5
9510,5
9515,5
9520,5
9525,5
9530,5
9535,5
9540,5
9545,5
9550,5
9555,5
9560,5
9565,5
9570,5
9575,5
9580,5
9585,5
9590,5
9595,5
9600,5
9605,5
9610,5
9615,5
9620,5
9625,5
9630,5
9635,5
9640,5
9645,5
9650,5
9655,5
9660,5
9665,5
9670,5
9675,5
9680,5
9685,5
9690,5
9695,5
9700,5
9705,5
9710,5
9715,5
9720,5
9725,5
9730,5
9735,5
9740,5
9745,5
9750,5
9755,5
9760,5
9765,5
9770,5
9775,5
9780,5
9785,5
9790,5
9795,5
9800,5
9805,5
9810,5
9815,5
9820,5
9825,5
9830,5
9835,5
9840,5
9845,5
9850,5
9855,5
9860,5
9865,5
9870,5
9875,5
9880,5
9885,5
9890,5
9895,5
9900,5
9905,5
9910,5
9915,5
9920,5
9925,5
9930,5
9935,5
9940,5
9945,5
9950,5
9955,5
9960,5
9965,5
9970,5
9975,5
9980,5
9985,5
9990,5
9995,5
10000,5
10005,5
10010,5
10015,5
10020,5
10025,5
10030,5
10035,5
10040,5
10045,5
10050,5
10055,5
10060,5
10065,5
10070,5
10075,5
10080,5
10085,5
10090,5
10095,5
10100,5
10105,5
10110,5
10115,5
10120,5
10125,5
10130,5
10135,5
10140,5
10145,5
10150,5
10155,5
10160,5
10165,5
10170,5
10175,5
10180,5
10185,5
10190,5
10195,5
10200,5
10205,5
10210,5
10215,5
10220,5
10225,5
10230,5
10235,5
10240,5
10245,5
10250,5
10255,5
10260,5
10265,5
10270,5
10275,5
10280,5
10285,5
10290,5
10295,5
10300,5
10305,5
10310,5
10315,5
10320,5
10325,5
10330,5
10335,5
10340,5
10345,5
10350,5
10355,5
10360,5
10365,5
10370,5
10375,5
10380,5
10385,5
10390,5
10395,5
10400,5
10405,5
10410,5
10415,5
10420,5
10425,5
10430,5
10435,5
10440,5
10445,5
10450,5
10455,5
10460,5
10465,5
10470,5
10475,5
10480,5
10485,5
10490,5
10495,5
10500,5
10505,5
10510,5
10515,5
10520,5
10525,5
10530,5
10535,5
10540,5
10545,5
10550,5
10555,5
10560,5
10565,5
10570,5
10575,5
10580,5
10585,5
10590,5
10595,5
10600,5
10605,5
10610,5
10615,5
10620,5
10625,5
10630,5
10635,5
10640,5
10645,5
10650,5
10655,5
10660,5
10665,5
10670,5
10675,5
10680,5
10685,5
10690,5
10695,5
10700,5
10705,5
10710,5
10715,5
10720,5
10725,5
10730,5
10735,5
10740,5
10745,5
10750,5
10755,5
10760,5
10765,5
10770,5
10775,5
10780,5
10785,5
10790,5
10795,5
10800,5
10805,5
10810,5
10815,5
10820,5
10825,5
10830,5
10835,5
10840,5
10845,5
10850,5
10855,5
10860,5
10865,5
10870,5
10875,5
10880,5
10885,5
10890,5
10895,5
10900,5
10905,5
10910,5
10915,5
10920,5
10925,5
10930,5
10935,5
10940,5
10945,5
10950,5
10955,5
10960,5
10965,5
10970,5
10975,5
10980,5
10985,5
10990,5
10995,5
11000,5
11005,5
11010,5
11015,5
11020,5
11025,5
11030,5
11035,5
11040,5
11045,5
11050,5
11055,5
11060,5
11065,5
11070,5
11075,5
11080,5
11085,5
11090,5
11095,5
11100,5
11105,5
11110,5
11115,5
11120,5
11125,5
11130,5
11135,5
11140,5
11145,5
11150,5
11155,5
11160,5
11165,5
11170,5
11175,5
11180,5
11185,5
11190,5
11195,5
11200,5
11205,5
11210,5
11215,5
11220,5
11225,5
11230,5
11235,5
11240,5
11245,5
11250,5
11255,5
11260,5
11265,5
11270,5
11275,5
11280,5
11285,5
11290,5
11295,5
11300,5
11305,5
11310,5
11315,5
11320,5
11325,5
11330,5
11335,5
11340,5
11345,5
11350,5
11355,5
11360,5
11365,5
11370,5
11375,5
11380,5
11385,5
11390,5
11395,5
11400,5
11405,5
11410,5
11415,5
11420,5
11425,5
11430,5
11435,5
11440,5
11445,5
11450,5
11455,5
11460,5
11465,5
11470,5
11475,5
11480,5
11485,5
11490,5
11495,5
11500,5
11505,5
11510,5
11515,5
11520,5
11525,5
11530,5
11535,5
11540,5
11545,5
11550,5
11555,5
11560,5
11565,5
11570,5
11575,5
11580,5
11585,5
11590,5
11595,5
11600,5
11605,5
11610,5
11615,5
11620,5
11625,5
11630,5
11635,5
11640,5
11645,5
11650,5
11655,5
11660,5
11665,5
11670,5
11675,5
11680,5
11685,5
11690,5
11695,5
11700,5
11705,5
11710,5
11715,5
11720,5
11725,5
11730,5
11735,5
11740,5
11745,5
11750,5
11755,5
11760,5
11765,5
11770,5
11775,5
11780,5
11785,5
11790,5
11795,5
11800,5
11805,5
11810,5
11815,5
11820,5
11825,5
11830,5
11835,5
11840,5
11845,5
11850,5
11855,5
11860,5
11865,5
11870,5
11875,5
11880,5
11885,5
11890,5
11895,5
11900,5
11905,5
11910,5
11915,5
11920,5
11925,5
11930,5
11935,5
11940,5
11945,5
11950,5
11955,5
11960,5
11965,5
11970,5
11975,5
11980,5
11985,5
11990,5
11995,5
12000,5
12005,5
12010,5
12015,5
12020,5
12025,5
12030,5
12035,5
12040,5
12045,5
12050,5
12055,5
12060,5
12065,5
12070,5
12075,5
12080,5
12085,5
12090,5
12095,5
12100,5
12105,5
12110,5
12115,5
12120,5
12125,5
12130,5
12135,5
12140,5
12145,5
12150,5
12155,5
12160,5
12165,5
12170,5
12175,5
12180,5
12185,5
12190,5
12195,5
12200,5
12205,5
12210,5
12215,5
12220,5
12225,5
12230,5
12235,5
12240,5
12245,5
12250,5
12255,5
12260,5
12265,5
12270,5
12275,5
12280,5
12285,5
12290,5
12295,5
12300,5
12305,5
12310,5
12315,5
12320,5
12325,5
12330,5
12335,5
12340,5
12345,5
12350,5
12355,5
12360,5
12365,5
12370,5
12375,5
12380,5
12385,5
12390,5
12395,5
12400,5
12405,5
12410,5
12415,5
12420,5
12425,5
12430,5
12435,5
12440,5
12445,5
12450,5
12455,5
12460,5
12465,5
12470,5
12475,5
12480,5
12485,5
12490,5
12495,5
12500,5
12505,5
12510,5
12515,5
12520,5
12525,5
12530,5
12535,5
12540,5
12545,5
12550,5
12555,5
12560,5
12565,5
12570,5
12575,5
12580,5
12585,5
12590,5
12595,5
12600,5
12605,5
12610,5
12615,5
12620,5
12625,5
12630,5
12635,5
12640,5
12645,5
12650,5
12655,5
12660,5
12665,5
12670,5
12675,5
12680,5
12685,5
12690,5
12695,5
12700,5
12705,5
12710,5
12715,5
12720,5
12725,5
12730,5
12735,5
12740,5
12745,5
12750,5
12755,5
12760,5
12765,5
12770,5
12775,5
12780,5
12785,5
12790,5
12795,5
12800,5
12805,5
12810,5
12815,5
12820,5
12825,5
12830,5
12835,5
12840,5
12845,5
12850,5
12855,5
12860,5
12865,5
12870,5
12875,5
12880,5
12885,5
12890,5
12895,5
12900,5
12905,5
12910,5
12915,5
12920,5
12925,5
12930,5
12935,5
12940,5
12945,5
12950,5
12955,5
12960,5
12965,5
12970,5
12975,5
12980,5
12985,5
12990,5
12995,5
13000,5
13005,5
13010,5
13015,5
13020,5
13025,5
13030,5
13035,5
13040,5
13045,5
13050,5
13055,5
13060,5
13065,5
13070,5
13075,5
13080,5
13085,5
13090,5
13095,5
13100,5
13105,5
13110,5
13115,5
13120,5
13125,5
13130,5
13135,5
13140,5
13145,5
13150,5
13155,5
13160,5
13165,5
13170,5
13175,5
13180,5
13185,5
13190,5
13195,5
13200,5
13205,5
13210,5
13215,5
13220,5
13225,5
13230,5
13235,5
13240,5
13245,5
13250,5
13255,5
13260,5
13265,5
13270,5
13275,5
13280,5
13285,5
13290,5
13295,5
13300,5
13305,5
13310,5
13315,5
13320,5
13325,5
13330,5
13335,5
13340,5
13345,5
13350,5
13355,5
13360,5
13365,5
13370,5
13375,5
13380,5
13385,5
13390,5
13395,5
13400,5
13405,5
13410,5
13415,5
13420,5
13425,5
13430,5
13435,5
13440,5
13445,5
13450,5
13455,5
13460,5
13465,5
13470,5
13475,5
13480,5
13485,5
13490,5
13495,5
13500,5
13505,5
13510,5
13515,5
13520,5
13525,5
13530,5
13535,5
13540,5
13545,5
13550,5
13555,5
13560,5
13565,5
13570,5
13575,5
13580,5
13585,5
13590,5
13595,5
13600,5
13605,5
13610,5
13615,5
13620,5
13625,5
13630,5
13635,5
13640,5
13645,5
13650,5
13655,5
13660,5
13665,5
13670,5
13675,5
13680,5
13685,5
13690,5
13695,5
13700,5
13705,5
13710,5
13715,5
13720,5
13725,5
13730,5
13735,5
13740,5
13745,5
13750,5
13755,5
13760,5
13765,5
13770,5
13775,5
13780,5
13785,5
13790,5
13795,5
13800,5
13805,5
13810,5
13815,5
13820,5
13825,5
13830,5
13835,5
13840,5
13845,5
13850,5
13855,5
13860,5
13865,5
13870,5
13875,5
13880,5
13885,5
13890,5
13895,5
13900,5
13905,5
13910,5
13915,5
13920,5
13925,5
13930,5
13935,5
13940,5
13945,5
13950,5
13955,5
13960,5
13965,5
13970,5
13975,5
13980,5
13985,5
13990,5
13995,5
14000,5
14005,5
14010,5
14015,5
14020,5
14025,5
14030,5
14035,5
14040,5
14045,5
14050,5
14055,5
14060,5
14065,5
14070,5
14075,5
14080,5
14085,5
14090,5
14095,5
14100,5
14105,5
14110,5
14115,5
14120,5
14125,5
14130,5
14135,5
14140,5
14145,5
14150,5
14155,5
14160,5
14165,5
14170,5
14175,5
14180,5
14185,5
14190,5
14195,5
14200,5
14205,5
14210,5
14215,5
14220,5
14225,5
14230,5
14235,5
14240,5
14245,5
14250,5
14255,5
14260,5
14265,5
14270,5
14275,5
14280,5
14285,5
14290,5
14295,5
14300,5
14305,5
14310,5
14315,5
14320,5
14325,5
14330,5
14335,5
14340,5
14345,5
14350,5
14355,5
14360,5
14365,5
14370,5
14375,5
14380,5
14385,5
14390,5
14395,5
14400,5
14405,5
14410,5
14415,5
14420,5
14425,5
14430,5
14435,5
14440,5
14445,5
14450,5
14455,5
14460,5
14465,5
14470,5
14475,5
14480,5
14485,5
14490,5
14495,5
14500,5
14505,5
14510,5
14515,5
14520,5
14525,5
14530,5
14535,5
14540,5
14545,5
14550,5
14555,5
14560,5
14565,5
14570,5
14575,5
14580,5
14585,5
14590,5
14595,5
14600,5
14605,5
14610,5
14615,5
14620,5
14625,5
14630,5
14635,5
14640,5
14645,5
14650,5
14655,5
14660,5
14665,5
14670,5
14675,5
14680,5
14685,5
14690,5
14695,5
14700,5
14705,5
14710,5
14715,5
14720,5
14725,5
14730,5
14735,5
14740,5
14745,5
14750,5
14755,5
14760,5
14765,5
14770,5
14775,5
14780,5
14785,5
14790,5
14795,5
14800,5
14805,5
14810,5
14815,5
14820,5
14825,5
14830,5
14835,5
14840,5
14845,5
14850,5
14855,5
14860,5
14865,5
14870,5
14875,5
14880,5
14885,5
14890,5
14895,5
14900,5
14905,5
14910,5
14915,5
14920,5
14925,5
14930,5
14935,5
14940,5
14945,5
14950,5
14955,5
14960,5
14965,5
14970,5
14975,5
14980,5
14985,5
14990,5
14995,5
15000,5
15005,5
15010,5
15015,5
15020,5
15025,5
15030,5
15035,5
15040,5
15045,5
15050,5
15055,5
15060,5
15065,5
15070,5
15075,5
15080,5
15085,5
15090,5
15095,5
15100,5
15105,5
15110,5
15115,5
15120,5
15125,5
15130,5
15135,5
15140,5
15145,5
15150,5
15155,5
15160,5
15165,5
15170,5
15175,5
15180,5
15185,5
15190,5
15195,5
15200,5
15205,5
15210,5
15215,5
15220,5
15225,5
15230,5
15235,5
15240,5
15245,5
15250,5
15255,5
15260,5
15265,5
15270,5
15275,5
15280,5
15285,5
15290,5
15295,5
15300,5
15305,5
15310,5
15315,5
15320,5
15325,5
15330,5
15335,5
15340,5
15345,5
15350,5
15355,5
15360,5
15365,5
15370,5
15375,5
15380,5
15385,5
15390,5
15395,5
15400,5
15405,5
15410,5
15415,5
15420,5
15425,5
15430,5
15435,5
15440,5
15445,5
15450,5
15455,5
15460,5
15465,5
15470,5
15475,5
15480,5
15485,5
15490,5
15495,5
15500,5
15505,5
15510,5
15515,5
15520,5
15525,5
15530,5
15535,5
15540,5
15545,5
15550,5
15555,5
15560,5
15565,5
15570,5
15575,5
15580,5
15585,5
15590,5
15595,5
15600,5
15605,5
15610,5
15615,5
15620,5
15625,5
15630,5
15635,5
15640,5
15645,5
15650,5
15655,5
15660,5
15665,5
15670,5
15675,5
15680,5
15685,5
15690,5
15695,5
15700,5
15705,5
15710,5
15715,5
15720,5
15725,5
15730,5
15735,5
15740,5
15745,5
15750,5
15755,5
15760,5
15765,5
15770,5
15775,5
15780,5
15785,5
15790,5
15795,5
15800,5
15805,5
15810,5
15815,5
15820,5
15825,5
15830,5
15835,5
15840,5
15845,5
15850,5
15855,5
15860,5
15865,5
15870,5
15875,5
15880,5
15885,5
15890,5
15895,5
15900,5
15905,5
15910,5
15915,5
15920,5
15925,5
15930,5
15935,5
15940,5
15945,5
15950,5
15955,5
15960,5
15965,5
15970,5
15975,5
15980,5
15985,5
15990,5
15995,5
16000,5
16005,5
16010,5
16015,5
16020,5
16025,5
16030,5
16035,5
16040,5
16045,5
16050,5
16055,5
16060,5
16065,5
16070,5
16075,5
16080,5
16085,5
16090,5
16095,5
16100,5
16105,5
16110,5
16115,5
16120,5
16125,5
16130,5
16135,5
16140,5
16145,5
16150,5
16155,5
16160,5
16165,5
16170,5
16175,5
16180,5
16185,5
16190,5
16195,5
16200,5
16205,5
16210,5
16215,5
16220,5
16225,5
16230,5
16235,5
16240,5
16245,5
16250,5
16255,5
16260,5
16265,5
16270,5
16275,5
16280,5
16285,5
16290,5
16295,5
16300,5
16305,5
16310,5
16315,5
16320,5
16325,5
16330,5
16335,5
16340,5
16345,5
16350,5
16355,5
16360,5
16365,5
16370,5
16375,5
16380,5
16385,5
16390,5
16395,5
16400,5
16405,5
16410,5
16415,5
16420,5
16425,5
16430,5
16435,5
16440,5
16445,5
16450,5
16455,5
16460,5
16465,5
16470,5
16475,5
16480,5
16485,5
16490,5
16495,5
16500,5
16505,5
16510,5
16515,5
16520,5
16525,5
16530,5
16535,5
16540,5
16545,5
16550,5
16555,5
16560,5
16565,5
16570,5
16575,5
16580,5
16585,5
16590,5
16595,5
16600,5
16605,5
16610,5
16615,5
16620,5
16625,5
16630,5
16635,5
16640,5
16645,5
16650,5
16655,5
16660,5
16665,5
16670,5
16675,5
16680,5
16685,5
16690,5
16695,5
16700,5
16705,5
16710,5
16715,5
16720,5
16725,5
16730,5
16735,5
16740,5
16745,5
16750,5
16755,5
16760,5
16765,5
16770,5
16775,5
16780,5
16785,5
16790,5
16795,5
16800,5
16805,5
16810,5
16815,5
16820,5
16825,5
16830,5
16835,5
16840,5
16845,5
16850,5
16855,5
16860,5
16865,5
16870,5
16875,5
16880,5
16885,5
16890,5
16895,5
16900,5
16905,5
16910,5
16915,5
16920,5
16925,5
16930,5
16935,5
16940,5
16945,5
16950,5
16955,5
16960,5
16965,5
16970,5
16975,5
16980,5
16985,5
16990,5
16995,5
17000,5
17005,5
17010,5
17015,5
17020,5
17025,5
17030,5
17035,5
17040,5
17045,5
17050,5
17055,5
17060,5
17065,5
17070,5
17075,5
17080,5
17085,5
17090,5
17095,5
17100,5
17105,5
17110,5
17115,5
17120,5
17125,5
17130,5
17135,5
17140,5
17145,5
17150,5
17155,5
17160,5
17165,5
17170,5
17175,5
17180,5
17185,5
17190,5
17195,5
17200,5
17205,5
17210,5
17215,5
17220,5
17225,5
17230,5
17235,5
17240,5
17245,5
17250,5
17255,5
17260,5
17265,5
17270,5
17275,5
17280,5
17285,5
17290,5
17295,5
17300,5
17305,5
17310,5
17315,5
17320,5
17325,5
17330,5
17335,5
17340,5
17345,5
17350,5
17355,5
17360,5
17365,5
17370,5
17375,5
17380,5
17385,5
17390,5
17395,5
17400,5
17405,5
17410,5
17415,5
17420,5
17425,5
17430,5
17435,5
17440,5
17445,5
17450,5
17455,5
17460,5
17465,5
17470,5
17475,5
17480,5
17485,5
17490,5
17495,5
17500,5
17505,5
17510,5
17515,5
17520,5
17525,5
17530,5
17535,5
17540,5
17545,5
17550,5
17555,5
17560,5
17565,5
17570,5
17575,5
17580,5
17585,5
17590,5
17595,5
17600,5
17605,5
17610,5
17615,5
17620,5
17625,5
17630,5
17635,5
17640,5
17645,5
17650,5
17655,5
17660,5
17665,5
17670,5
17675,5
17680,5
17685,5
17690,5
17695,5
17700,5
17705,5
17710,5
17715,5
17720,5
17725,5
17730,5
17735,5
17740,5
17745,5
17750,5
17755,5
17760,5
17765,5
17770,5
17775,5
17780,5
17785,5
17790,5
17795,5
17800,5
17805,5
17810,5
17815,5
17820,5
17825,5
17830,5
17835,5
17840,5
17845,5
17850,5
17855,5
17860,5
17865,5
17870,5
17875,5
17880,5
17885,5
17890,5
17895,5
17900,5
17905,5
17910,5
17915,5
17920,5
17925,5
17930,5
17935,5
17940,5
17945,5
17950,5
17955,5
17960,5
17965,5
17970,5
17975,5
17980,5
17985,5
17990,5
17995,5
18000,5
18005,5
18010,5
18015,5
18020,5
18025,5
18030,5
18035,5
18040,5
18045,5
18050,5
18055,5
18060,5
18065,5
18070,5
18075,5
18080,5
18085,5
18090,5
18095,5
18100,5
18105,5
18110,5
18115,5
18120,5
18125,5
18130,5
18135,5
18140,5
18145,5
18150,5
18155,5
18160,5
18165,5
18170,5
18175,5
18180,5
18185,5
18190,5
18195,5
18200,5
18205,5
18210,5
18215,5
18220,5
18225,5
18230,5
18235,5
18240,5
18245,5
18250,5
18255,5
18260,5
18265,5
18270,5
18275,5
18280,5
18285,5
18290,5
18295,5
18300,5
18305,5
18310,5
18315,5
18320,5
18325,5
18330,5
18335,5
18340,5
18345,5
18350,5
18355,5
18360,5
18365,5
18370,5
18375,5
18380,5
18385,5
18390,5
18395,5
18400,5
18405,5
18410,5
18415,5
18420,5
18425,5
18430,5
18435,5
18440,5
18445,5
18450,5
18455,5
18460,5
18465,5
18470,5
18475,5
18480,5
18485,5
18490,5
18495,5
18500,5
18505,5
18510,5
18515,5
18520,5
18525,5
18530,5
18535,5
18540,5
18545,5
18550,5
18555,5
18560,5
18565,5
18570,5
18575,5
18580,5
18585,5
18590,5
18595,5
18600,5
18605,5
18610,5
18615,5
18620,5
18625,5
18630,5
18635,5
18640,5
18645,5
18650,5
18655,5
18660,5
18665,5
18670,5
18675,5
18680,5
18685,5
18690,5
18695,5
18700,5
18705,5
18710,5
18715,5
18720,5
18725,5
18730,5
18735,5
18740,5
18745,5
18750,5
18755,5
18760,5
18765,5
18770,5
18775,5
18780,5
18785,5
18790,5
18795,5
18800,5
18805,5
18810,5
18815,5
18820,5
18825,5
18830,5
18835,5
18840,5
18845,5
18850,5
18855,5
18860,5
18865,5
18870,5
18875,5
18880,5
18885,5
18890,5
18895,5
18900,5
18905,5
18910,5
18915,5
18920,5
18925,5
18930,5
18935,5
18940,5
18945,5
18950,5
18955,5
18960,5
18965,5
18970,5
18975,5
18980,5
18985,5
18990,5
18995,5
19000,5
19005,5
19010,5
19015,5
19020,5
19025,5
19030,5
19035,5
19040,5
19045,5
19050,5
19055,5
19060,5
19065,5
19070,5
19075,5
19080,5
19085,5
19090,5
19095,5
19100,5
19105,5
19110,5
19115,5
19120,5
19125,5
19130,5
19135,5
19140,5
19145,5
19150,5
19155,5
19160,5
19165,5
19170,5
19175,5
19180,5
19185,5
19190,5
19195,5
19200,5
19205,5
19210,5
19215,5
19220,5
19225,5
19230,5
19235,5
19240,5
19245,5
19250,5
19255,5
19260,5
19265,5
19270,5
19275,5
19280,5
19285,5
19290,5
19295,5
19300,5
19305,5
19310,5
19315,5
19320,5
19325,5
19330,5
19335,5
19340,5
19345,5
19350,5
19355,5
19360,5
19365,5
19370,5
19375,5
19380,5
19385,5
19390,5
19395,5
19400,5
19405,5
19410,5
19415,5
19420,5
19425,5
19430,5
19435,5
19440,5
19445,5
19450,5
19455,5
19460,5
19465,5
19470,5
19475,5
19480,5
19485,5
19490,5
19495,5
19500,5
19505,5
19510,5
19515,5
19520,5
19525,5
19530,5
19535,5
19540,5
19545,5
19550,5
19555,5
19560,5
19565,5
19570,5
19575,5
19580,5
19585,5
19590,5
19595,5
19600,5
19605,5
19610,5
19615,5
19620,5
19625,5
19630,5
19635,5
19640,5
19645,5
19650,5
19655,5
19660,5
19665,5
19670,5
19675,5
19680,5
19685,5
19690,5
19695,5
19700,5
19705,5
19710,5
19715,5
19720,5
19725,5
19730,5
19735,5
19740,5
19745,5
19750,5
19755,5
19760,5
19765,5
19770,5
19775,5
19780,5
19785,5
19790,5
19795,5
19800,5
19805,5
19810,5
19815,5
19820,5
19825,5
19830,5
19835,5
19840,5
19845,5
19850,5
19855,5
19860,5
19865,5
19870,5
19875,5
19880,5
19885,5
19890,5
19895,5
19900,5
19905,5
19910,5
19915,5
19920,5
19925,5
19930,5
19935,5
19940,5
19945,5
19950,5
19955,5
19960,5
19965,5
19970,5
19975,5
19980,5
19985,5
19990,5
19995,5
20000,5
20005,5
20010,5
20015,5
20020,5
20025,5
20030,5
20035,5
20040,5
20045,5
20050,5
20055,5
20060,5
20065,5
20070,5
20075,5
20080,5
20085,5
20090,5
20095,5
20100,5
20105,5
20110,5
20115,5
20120,5
20125,5
20130,5
20135,5
20140,5
20145,5
20150,5
20155,5
20160,5
20165,5
20170,5
20175,5
20180,5
20185,5
20190,5
20195,5
20200,5
20205,5
20210,5
20215,5
20220,5
20225,5
20230,5
20235,5
20240,5
20245,5
20250,5
20255,5
20260,5
20265,5
20270,5
20275,5
20280,5
20285,5
20290,5
20295,5
20300,5
20305,5
20310,5
20315,5
20320,5
20325,5
20330,5
20335,5
20340,5
20345,5
20350,5
20355,5
20360,5
20365,5
20370,5
20375,5
20380,5
20385,5
20390,5
20395,5
20400,5
20405,5
20410,5
20415,5
20420,5
20425,5
20430,5
20435,5
20440,5
20445,5
20450,5
20455,5
20460,5
20465,5
20470,5
20475,5
20480,5
20485,5
20490,5
20495,5
20500,5
20505,5
20510,5
20515,5
20520,5
20525,5
20530,5
20535,5
20540,5
20545,5
20550,5
20555,5
20560,5
20565,5
20570,5
20575,5
20580,5
20585,5
20590,5
20595,5
20600,5
20605,5
20610,5
20615,5
20620,5
20625,5
20630,5
20635,5
20640,5
20645,5
20650,5
20655,5
20660,5
20665,5
20670,5
20675,5
20680,5
20685,5
20690,5
20695,5
20700,5
20705,5
20710,5
20715,5
20720,5
20725,5
20730,5
20735,5
20740,5
20745,5
20750,5
20755,5
20760,5
20765,5
20770,5
20775,5
20780,5
20785,5
20790,5
20795,5
20800,5
20805,5
20810,5
20815,5
20820,5
20825,5
20830,5
20835,5
20840,5
20845,5
20850,5
20855,5
20860,5
20865,5
20870,5
20875,5
20880,5
20885,5
20890,5
20895,5
20900,5
20905,5
20910,5
20915,5
20920,5
20925,5
20930,5
20935,5
20940,5
20945,5
20950,5
20955,5
20960,5
20965,5
20970,5
20975,5
20980,5
20985,5
20990,5
20995,5
21000,5
21005,5
21010,5
21015,5
21020,5
21025,5
21030,5
21035,5
21040,5
21045,5
21050,5
21055,5
21060,5
21065,5
21070,5
21075,5
21080,5
21085,5
21090,5
21095,5
21100,5
21105,5
21110,5
21115,5
21120,5
21125,5
21130,5
21135,5
21140,5
21145,5
21150,5
21155,5
21160,5
21165,5
21170,5
21175,5
21180,5
21185,5
21190,5
21195,5
21200,5
21205,5
21210,5
21215,5
21220,5
21225,5
21230,5
21235,5
21240,5
21245,5
21250,5
21255,5
21260,5
21265,5
21270,5
21275,5
21280,5
21285,5
21290,5
21295,5
21300,5
21305,5
21310,5
21315,5
21320,5
21325,5
21330,5
21335,5
21340,5
21345,5
21350,5
21355,5
21360,5
21365,5
21370,5
21375,5
21380,5
21385,5
21390,5
21395,5
21400,5
21405,5
21410,5
21415,5
21420,5
21425,5
21430,5
21435,5
21440,5
21445,5
21450,5
21455,5
21460,5
21465,5
21470,5
21475,5
21480,5
21485,5
21490,5
21495,5
21500,5
21505,5
21510,5
21515,5
21520,5
21525,5
21530,5
21535,5
21540,5
21545,5
21550,5
21555,5
21560,5
21565,5
21570,5
21575,5
21580,5
21585,5
21590,5
21595,5
21600,5
21605,5
21610,5
21615,5
21620,5
21625,5
21630,5
21635,5
21640,5
21645,5
21650,5
21655,5
21660,5
21665,5
21670,5
21675,5
21680,5
21685,5
21690,5
21695,5
21700,5
21705,5
21710,5
21715,5
21720,5
21725,5
21730,5
21735,5
21740,5
21745,5
21750,5
21755,5
21760,5
21765,5
21770,5
21775,5
21780,5
21785,5
21790,5
21795,5
21800,5
21805,5
21810,5
21815,5
21820,5
21825,5
21830,5
21835,5
21840,5
21845,5
21850,5
21855,5
21860,5
21865,5
21870,5
21875,5
21880,5
21885,5
21890,5
21895,5
21900,5
21905,5
21910,5
21915,5
21920,5
21925,5
21930,5
21935,5
21940,5
21945,5
21950,5
21955,5
21960,5
21965,5
21970,5
21975,5
21980,5
21985,5
21990,5
21995,5
22000,5
22005,5
22010,5
22015,5
22020,5
22025,5
22030,5
22035,5
22040,5
22045,5
22050,5
22055,5
22060,5
22065,5
22070,5
22075,5
22080,5
22085,5
22090,5
22095,5
22100,5
22105,5
22110,5
22115,5
22120,5
22125,5
22130,5
22135,5
22140,5
22145,5
22150,5
22155,5
22160,5
22165,5
22170,5
22175,5
22180,5
22185,5
22190,5
22195,5
22200,5
22205,5
22210,5
22215,5
22220,5
22225,5
22230,5
22235,5
22240,5
22245,5
22250,5
22255,5
22260,5
22265,5
22270,5
22275,5
22280,5
22285,5
22290,5
22295,5
22300,5
22305,5
22310,5
22315,5
22320,5
22325,5
22330,5
22335,5
22340,5
22345,5
22350,5
22355,5
22360,5
22365,5
22370,5
22375,5
22380,5
22385,5
22390,5
22395,5
22400,5
22405,5
22410,5
22415,5
22420,5
22425,5
22430,5
22435,5
22440,5
22445,5
22450,5
22455,5
22460,5
22465,5
22470,5
22475,5
22480,5
22485,5
22490,5
22495,5
22500,5
22505,5
22510,5
22515,5
22520,5
22525,5
22530,5
22535,5
22540,5
22545,5
22550,5
22555,5
22560,5
22565,5
22570,5
22575,5
22580,5
22585,5
22590,5
22595,5
22600,5
22605,5
22610,5
22615,5
22620,5
22625,5
22630,5
22635,5
22640,5
22645,5
22650,5
22655,5
22660,5
22665,5
22670,5
22675,5
22680,5
22685,5
22690,5
22695,5
22700,5
22705,5
22710,5
22715,5
22720,5
22725,5
22730,5
22735,5
22740,5
22745,5
22750,5
22755,5
22760,5
22765,5
22770,5
22775,5
22780,5
22785,5
22790,5
22795,5
22800,5
22805,5
22810,5
22815,5
22820,5
22825,5
22830,5
22835,5
22840,5
22845,5
22850,5
22855,5
22860,5
22865,5
22870,5
22875,5
22880,5
22885,5
22890,5
22895,5
22900,5
22905,5
22910,5
22915,5
22920,5
22925,5
22930,5
22935,5
22940,5
22945,5
22950,5
22955,5
22960,5
22965,5
22970,5
22975,5
22980,5
22985,5
22990,5
22995,5
23000,5
23005,5
23010,5
23015,5
23020,5
23025,5
23030,5
23035,5
23040,5
23045,5
23050,5
23055,5
23060,5
23065,5
23070,5
23075,5
23080,5
23085,5
23090,5
23095,5
23100,5
23105,5
23110,5
23115,5
23120,5
23125,5
23130,5
23135,5
23140,5
23145,5
23150,5
23155,5
23160,5
23165,5
23170,5
23175,5
23180,5
23185,5
23190,5
23195,5
23200,5
23205,5
23210,5
23215,5
23220,5
23225,5
23230,5
23235,5
23240,5
23245,5
23250,5
23255,5
23260,5
23265,5
23270,5
23275,5
23280,5
23285,5
23290,5
23295,5
23300,5
23305,5
23310,5
23315,5
23320,5
23325,5
23330,5
23335,5
23340,5
23345,5
23350,5
23355,5
23360,5
23365,5
23370,5
23375,5
23380,5
23385,5
23390,5
23395,5
23400,5
23405,5
23410,5
23415,5
23420,5
23425,5
23430,5
23435,5
23440,5
23445,5
23450,5
23455,5
23460,5
23465,5
23470,5
23475,5
23480,5
23485,5
23490,5
23495,5
23500,5
23505,5
23510,5
23515,5
23520,5
23525,5
23530,5
23535,5
23540,5
23545,5
23550,5
23555,5
23560,5
23565,5
23570,5
23575,5
23580,5
23585,5
23590,5
23595,5
23600,5
23605,5
23610,5
23615,5
23620,5
23625,5
23630,5
23635,5
23640,5
23645,5
23650,5
23655,5
23660,5
23665,5
23670,5
23675,5
23680,5
23685,5
23690,5
23695,5
23700,5
23705,5
23710,5
23715,5
23720,5
23725,5
23730,5
23735,5
23740,5
23745,5
23750,5
23755,5
23760,5
23765,5
23770,5
23775,5
23780,5
23785,5
23790,5
23795,5
23800,5
23805,5
23810,5
23815,5
23820,5
23825,5
23830,5
23835,5
23840,5
23845,5
23850,5
23855,5
23860,5
23865,5
23870,5
23875,5
23880,5
23885,5
23890,5
23895,5
23900,5
23905,5
23910,5
23915,5
23920,5
23925,5
23930,5
23935,5
23940,5
23945,5
23950,5
23955,5
23960,5
23965,5
23970,5
23975,5
23980,5
23985,5
23990,5
23995,5
24000,5
24005,5
24010,5
24015,5
24020,5
24025,5
24030,5
24035,5
24040,5
24045,5
24050,5
24055,5
24060,5
24065,5
24070,5
24075,5
24080,5
24085,5
24090,5
24095,5
24100,5
24105,5
24110,5
24115,5
24120,5
24125,5
24130,5
24135,5
24140,5
24145,5
24150,5
24155,5
24160,5
24165,5
24170,5
24175,5
24180,5
24185,5
24190,5
24195,5
24200,5
24205,5
24210,5
24215,5
24220,5
24225,5
24230,5
24235,5
24240,5
24245,5
24250,5
24255,5
24260,5
24265,5
24270,5
24275,5
24280,5
24285,5
24290,5
24295,5
24300,5
24305,5
24310,5
24315,5
24320,5
24325,5
24330,5
24335,5
24340,5
24345,5
24350,5
24355,5
24360,5
24365,5
24370,5
24375,5
24380,5
24385,5
24390,5
24395,5
24400,5
24405,5
24410,5
24415,5
24420,5
24425,5
24430,5
24435,5
24440,5
24445,5
24450,5
24455,5
24460,5
24465,5
24470,5
24475,5
24480,5
24485,5
24490,5
24495,5
24500,5
24505,5
24510,5
24515,5
24520,5
24525,5
24530,5
24535,5
24540,5
24545,5
24550,5
24555,5
24560,5
24565,5
24570,5
24575,5
24580,5
24585,5
24590,5
24595,5
24600,5
24605,5
24610,5
24615,5
24620,5
24625,5
24630,5
24635,5
24640,5
24645,5
24650,5
24655,5
24660,5
24665,5
24670,5
24675,5
24680,5
24685,5
24690,5
24695,5
24700,5
24705,5
24710,5
24715,5
24720,5
24725,5
24730,5
24735,5
24740,5
24745,5
24750,5
24755,5
24760,5
24765,5
24770,5
24775,5
24780,5
24785,5
24790,5
24795,5
24800,5
24805,5
24810,5
24815,5
24820,5
24825,5
24830,5
24835,5
24840,5
24845,5
24850,5
24855,5
24860,5
24865,5
24870,5
24875,5
24880,5
24885,5
24890,5
24895,5
24900,5
24905,5
24910,5
24915,5
24920,5
24925,5
24930,5
24935,5
24940,5
24945,5
24950,5
24955,5
24960,5
24965,5
24970,5
24975,5
24980,5
24985,5
24990,5
24995,5
25000,5
25005,5
25010,5
25015,5
25020,5
25025,5
25030,5
25035,5
25040,5
25045,5
25050,5
25055,5
25060,5
25065,5
25070,5
25075,5
25080,5
25085,5
25090,5
25095,5
25100,5
25105,5
25110,5
25115,5
25120,5
25125,5
25130,5
25135,5
25140,5
25145,5
25150,5
25155,5
25160,5
25165,5
25170,5
25175,5
25180,5
25185,5
25190,5
25195,5
25200,5
25205,5
25210,5
25215,5
25220,5
25225,5
25230,5
25235,5
25240,5
25245,5
25250,5
25255,5
25260,5
25265,5
25270,5
25275,5
25280,5
25285,5
25290,5
25295,5
25300,5
25305,5
25310,5
25315,5
25320,5
25325,5
25330,5
25335,5
25340,5
25345,5
25350,5
25355,5
25360,5
25365,5
25370,5
25375,5
25380,5
25385,5
25390,5
25395,5
25400,5
25405,5
25410,5
25415,5
25420,5
25425,5
25430,5
25435,5
25440,5
25445,5
25450,5
25455,5
25460,5
25465,5
25470,5
25475,5
25480,5
25485,5
25490,5
25495,5
25500,5
25505,5
25510,5
25515,5
25520,5
25525,5
25530,5
25535,5
25540,5
25545,5
25550,5
25555,5
25560,5
25565,5
25570,5
25575,5
25580,5
25585,5
25590,5
25595,5
25600,5
25605,5
25610,5
25615,5
25620,5
25625,5
25630,5
25635,5
25640,5
25645,5
25650,5
25655,5
25660,5
25665,5
25670,5
25675,5
25680,5
25685,5
25690,5
25695,5
25700,5
25705,5
25710,5
25715,5
25720,5
25725,5
25730,5
25735,5
25740,5
25745,5
25750,5
25755,5
25760,5
25765,5
25770,5
25775,5
25780,5
25785,5
25790,5
25795,5
25800,5
25805,5
25810,5
25815,5
25820,5
25825,5
25830,5
25835,5
25840,5
25845,5
25850,5
25855,5
25860,5
25865,5
25870,5
25875,5
25880,5
25885,5
25890,5
25895,5
25900,5
25905,5
25910,5
25915,5
25920,5
25925,5
25930,5
25935,5
25940,5
25945,5
25950,5
25955,5
25960,5
25965,5
25970,5
25975,5
25980,5
25985,5
25990,5
25995,5
26000,5
26005,5
26010,5
26015,5
26020,5
26025,5
26030,5
26035,5
26040,5
26045,5
26050,5
26055,5
26060,5
26065,5
26070,5
26075,5
26080,5
26085,5
26090,5
26095,5
26100,5
26105,5
26110,5
26115,5
26120,5
26125,5
26130,5
26135,5
26140,5
26145,5
26150,5
26155,5
26160,5
26165,5
26170,5
26175,5
26180,5
26185,5
26190,5
26195,5
26200,5
26205,5
26210,5
26215,5
26220,5
26225,5
26230,5
26235,5
26240,5
26245,5
26250,5
26255,5
26260,5
26265,5
26270,5
26275,5
26280,5
26285,5
26290,5
26295,5
26300,5
26305,5
26310,5
26315,5
26320,5
26325,5
26330,5
26335,5
26340,5
26345,5
26350,5
26355,5
26360,5
26365,5
26370,5
26375,5
26380,5
26385,5
26390,5
26395,5
26400,5
26405,5
26410,5
26415,5
26420,5
26425,5
26430,5
26435,5
26440,5
26445,5
26450,5
26455,5
26460,5
26465,5
26470,5
26475,5
26480,5
26485,5
26490,5
26495,5
26500,5
26505,5
26510,5
26515,5
26520,5
26525,5
26530,5
26535,5
26540,5
26545,5
26550,5
26555,5
26560,5
26565,5
26570,5
26575,5
26580,5
26585,5
26590,5
26595,5
26600,5
26605,5
26610,5
26615,5
26620,5
26625,5
26630,5
26635,5
26640,5
26645,5
26650,5
26655,5
26660,5
26665,5
26670,5
26675,5
26680,5
26685,5
26690,5
26695,5
26700,5
26705,5
26710,5
26715,5
26720,5
26725,5
26730,5
26735,5
26740,5
26745,5
26750,5
26755,5
26760,5
26765,5
26770,5
26775,5
26780,5
26785,5
26790,5
26795,5
26800,5
26805,5
26810,5
26815,5
26820,5
26825,5
26830,5
26835,5
26840,5
26845,5
26850,5
26855,5
26860,5
26865,5
26870,5
26875,5
26880,5
26885,5
26890,5
26895,5
26900,5
26905,5
26910,5
26915,5
26920,5
26925,5
26930,5
26935,5
26940,5
26945,5
26950,5
26955,5
26960,5
26965,5
26970,5
26975,5
26980,5
26985,5
26990,5
26995,5
27000,5
27005,5
27010,5
27015,5
27020,5
27025,5
27030,5
27035,5
27040,5
27045,5
27050,5
27055,5
27060,5
27065,5
27070,5
27075,5
27080,5
27085,5
27090,5
27095,5
27100,5
27105,5
27110,5
27115,5
27120,5
27125,5
27130,5
27135,5
27140,5
27145,5
27150,5
27155,5
27160,5
27165,5
27170,5
27175,5
27180,5
27185,5
27190,5
27195,5
27200,5
27205,5
27210,5
27215,5
27220,5
27225,5
27230,5
27235,5
27240,5
27245,5
27250,5
27255,5
27260,5
27265,5
27270,5
27275,5
27280,5
27285,5
27290,5
27295,5
27300,5
27305,5
27310,5
27315,5
27320,5
27325,5
27330,5
27335,5
27340,5
27345,5
27350,5
27355,5
27360,5
27365,5
27370,5
27375,5
27380,5
27385,5
27390,5
27395,5
27400,5
27405,5
27410,5
27415,5
27420,5
27425,5
27430,5
27435,5
27440,5
27445,5
27450,5
27455,5
27460,5
27465,5
27470,5
27475,5
27480,5
27485,5
27490,5
27495,5
27500,5
27505,5
27510,5
27515,5
27520,5
27525,5
27530,5
27535,5
27540,5
27545,5
27550,5
27555,5
27560,5
27565,5
27570,5
27575,5
27580,5
27585,5
27590,5
27595,5
27600,5
27605,5
27610,5
27615,5
27620,5
27625,5
27630,5
27635,5
27640,5
27645,5
27650,5
27655,5
27660,5
27665,5
27670,5
27675,5
27680,5
27685,5
27690,5
27695,5
27700,5
27705,5
27710,5
27715,5
27720,5
27725,5
27730,5
27735,5
27740,5
27745,5
27750,5
27755,5
27760,5
27765,5
27770,5
27775,5
27780,5
27785,5
27790,5
27795,5
27800,5
27805,5
27810,5
27815,5
27820,5
27825,5
27830,5
27835,5
27840,5
27845,5
27850,5
27855,5
27860,5
27865,5
27870,5
27875,5
27880,5
27885,5
27890,5
27895,5
27900,5
27905,5
27910,5
27915,5
27920,5
27925,5
27930,5
27935,5
27940,5
27945,5
27950,5
27955,5
27960,5
27965,5
27970,5
27975,5
27980,5
27985,5
27990,5
27995,5
28000,5
28005,5
28010,5
28015,5
28020,5
28025,5
28030,5
28035,5
28040,5
28045,5
28050,5
28055,5
28060,5
28065,5
28070,5
28075,5
28080,5
28085,5
28090,5
28095,5
28100,5
28105,5
28110,5
28115,5
28120,5
28125,5
28130,5
28135,5
28140,5
28145,5
28150,5
28155,5
28160,5
28165,5
28170,5
28175,5
28180,5
28185,5
28190,5
28195,5
28200,5
28205,5
28210,5
28215,5
28220,5
28225,5
28230,5
28235,5
28240,5
28245,5
28250,5
28255,5
28260,5
28265,5
28270,5
28275,5
28280,5
28285,5
28290,5
28295,5
28300,5
28305,5
28310,5
28315,5
28320,5
28325,5
28330,5
28335,5
28340,5
28345,5
28350,5
28355,5
28360,5
28365,5
28370,5
28375,5
28380,5
28385,5
28390,5
28395,5
28400,5
28405,5
28410,5
28415,5
28420,5
28425,5
28430,5
28435,5
28440,5
28445,5
28450,5
28455,5
28460,5
28465,5
28470,5
28475,5
28480,5
28485,5
28490,5
28495,5
28500,5
28505,5
28510,5
28515,5
28520,5
28525,5
28530,5
28535,5
28540,5
28545,5
28550,5
28555,5
28560,5
28565,5
28570,5
28575,5
28580,5
28585,5
28590,5
28595,5
28600,5
28605,5
28610,5
28615,5
28620,5
28625,5
28630,5
28635,5
28640,5
28645,5
28650,5
28655,5
28660,5
28665,5
28670,5
28675,5
28680,5
28685,5
28690,5
28695,5
28700,5
28705,5
28710,5
28715,5
28720,5
28725,5
28730,5
28735,5
28740,5
28745,5
28750,5
28755,5
28760,5
28765,5
28770,5
28775,5
28780,5
28785,5
28790,5
28795,5
28800,5
28805,5
28810,5
28815,5
28820,5
28825,5
28830,5
28835,5
28840,5
28845,5
28850,5
28855,5
28860,5
28865,5
28870,5
28875,5
28880,5
28885,5
28890,5
28895,5
28900,5
28905,5
28910,5
28915,5
28920,5
28925,5
28930,5
28935,5
28940,5
28945,5
28950,5
28955,5
28960,5
28965,5
28970,5
28975,5
28980,5
28985,5
28990,5
28995,5
29000,5
29005,5
29010,5
29015,5
29020,5
29025,5
29030,5
29035,5
29040,5
29045,5
29050,5
29055,5
29060,5
29065,5
29070,5
29075,5
29080,5
29085,5
29090,5
29095,5
29100,5
29105,5
29110,5
29115,5
29120,5
29125,5
29130,5
29135,5
29140,5
29145,5
29150,5
29155,5
29160,5
29165,5
29170,5
29175,5
29180,5
29185,5
29190,5
29195,5
29200,5
29205,5
29210,5
29215,5
29220,5
29225,5
29230,5
29235,5
29240,5
29245,5
29250,5
29255,5
29260,5
29265,5
29270,5
29275,5
29280,5
29285,5
29290,5
29295,5
29300,5
29305,5
29310,5
29315,5
29320,5
29325,5
29330,5
29335,5
29340,5
29345,5
29350,5
29355,5
29360,5
29365,5
29370,5
29375,5
29380,5
29385,5
29390,5
29395,5
29400,5
29405,5
29410,5
29415,5
29420,5
29425,5
29430,5
29435,5
29440,5
29445,5
29450,5
29455,5
29460,5
29465,5
29470,5
29475,5
29480,5
29485,5
29490,5
29495,5
29500,5
29505,5
29510,5
29515,5
29520,5
29525,5
29530,5
29535,5
29540,5
29545,5
29550,5
29555,5
29560,5
29565,5
29570,5
29575,5
29580,5
29585,5
29590,5
29595,5
29600,5
29605,5
29610,5
29615,5
29620,5
29625,5
29630,5
29635,5
29640,5
29645,5
29650,5
29655,5
29660,5
29665,5
29670,5
29675,5
29680,5
29685,5
29690,5
29695,5
29700,5
29705,5
29710,5
29715,5
29720,5
29725,5
29730,5
29735,5
29740,5
29745,5
29750,5
29755,5
29760,5
29765,5
29770,5
29775,5
29780,5
29785,5
29790,5
29795,5
29800,5
29805,5
29810,5
29815,5
29820,5
29825,5
29830,5
29835,5
29840,5
29845,5
29850,5
29855,5
29860,5
29865,5
29870,5
29875,5
29880,5
29885,5
29890,5
29895,5
29900,5
29905,5
29910,5
29915,5
29920,5
29925,5
29930,5
29935,5
29940,5
29945,5
29950,5
29955,5
29960,5
29965,5
29970,5
29975,5
29980,5
29985,5
29990,5
29995,5
30000,5
30005,5
30010,5
30015,5
30020,5
30025,5
30030,5
30035,5
30040,5
30045,5
30050,5
30055,5
30060,5
30065,5
30070,5
30075,5
30080,5
30085,5
30090,5
30095,5
30100,5
30105,5
30110,5
30115,5
30120,5
30125,5
30130,5
30135,5
30140,5
30145,5
30150,5
30155,5
30160,5
30165,5
30170,5
30175,5
30180,5
30185,5
30190,5
30195,5
30200,5
30205,5
30210,5
30215,5
30220,5
30225,5
30230,5
30235,5
30240,5
30245,5
30250,5
30255,5
30260,5
30265,5
30270,5
30275,5
30280,5
30285,5
30290,5
30295,5
30300,5
30305,5
30310,5
30315,5
30320,5
30325,5
30330,5
30335,5
30340,5
30345,5
30350,5
30355,5
30360,5
30365,5
30370,5
30375,5
30380,5
30385,5
30390,5
30395,5
30400,5
30405,5
30410,5
30415,5
30420,5
30425,5
30430,5
30435,5
30440,5
30445,5
30450,5
30455,5
30460,5
30465,5
30470,5
30475,5
30480,5
30485,5
30490,5
30495,5
30500,5
30505,5
30510,5
30515,5
30520,5
30525,5
30530,5
30535,5
30540,5
30545,5
30550,5
30555,5
30560,5
30565,5
30570,5
30575,5
30580,5
30585,5
30590,5
30595,5
30600,5
30605,5
30610,5
30615,5
30620,5
30625,5
30630,5
30635,5
30640,5
30645,5
30650,5
30655,5
30660,5
30665,5
30670,5
30675,5
30680,5
30685,5
30690,5
30695,5
30700,5
30705,5
30710,5
30715,5
30720,5
30725,5
30730,5
30735,5
30740,5
30745,5
30750,5
30755,5
30760,5
30765,5
30770,5
30775,5
30780,5
30785,5
30790,5
30795,5
30800,5
30805,5
30810,5
30815,5
30820,5
30825,5
30830,5
30835,5
30840,5
30845,5
30850,5
30855,5
30860,5
30865,5
30870,5
30875,5
30880,5
30885,5
30890,5
30895,5
30900,5
30905,5
30910,5
30915,5
30920,5
30925,5
30930,5
30935,5
30940,5
30945,5
30950,5
30955,5
30960,5
30965,5
30970,5
30975,5
30980,5
30985,5
30990,5
30995,5
31000,5
31005,5
31010,5
31015,5
31020,5
31025,5
31030,5
31035,5
31040,5
31045,5
31050,5
31055,5
31060,5
31065,5
31070,5
31075,5
31080,5
31085,5
31090,5
31095,5
31100,5
31105,5
31110,5
31115,5
31120,5
31125,5
31130,5
31135,5
31140,5
31145,5
31150,5
31155,5
31160,5
31165,5
31170,5
31175,5
31180,5
31185,5
31190,5
31195,5
31200,5
31205,5
31210,5
31215,5
31220,5
31225,5
31230,5
31235,5
31240,5
31245,5
31250,5
31255,5
31260,5
31265,5
31270,5
31275,5
31280,5
31285,5
31290,5
31295,5
31300,5
31305,5
31310,5
31315,5
31320,5
31325,5
31330,5
31335,5
31340,5
31345,5
31350,5
31355,5
31360,5
31365,5
31370,5
31375,5
31380,5
31385,5
31390,5
31395,5
31400,5
31405,5
31410,5
31415,5
31420,5
31425,5
31430,5
31435,5
31440,5
31445,5
31450,5
31455,5
31460,5
31465,5
31470,5
31475,5
31480,5
31485,5
31490,5
31495,5
31500,5
31505,5
31510,5
31515,5
31520,5
31525,5
31530,5
31535,5
31540,5
31545,5
31550,5
31555,5
31560,5
31565,5
31570,5
31575,5
31580,5
31585,5
31590,5
31595,5
31600,5
31605,5
31610,5
31615,5
31620,5
31625,5
31630,5
31635,5
31640,5
31645,5
31650,5
31655,5
31660,5
31665,5
31670,5
31675,5
31680,5
31685,5
31690,5
31695,5
31700,5
31705,5
31710,5
31715,5
31720,5
31725,5
31730,5
31735,5
31740,5
31745,5
31750,5
31755,5
31760,5
31765,5
31770,5
31775,5
31780,5
31785,5
31790,5
31795,5
31800,5
31805,5
31810,5
31815,5
31820,5
31825,5
31830,5
31835,5
31840,5
31845,5
31850,5
31855,5
31860,5
31865,5
31870,5
31875,5
31880,5
31885,5
31890,5
31895,5
31900,5
31905,5
31910,5
31915,5
31920,5
31925,5
31930,5
31935,5
31940,5
31945,5
31950,5
31955,5
31960,5
31965,5
31970,5
31975,5
31980,5
31985,5
31990,5
31995,5
32000,5
32005,5
32010,5
32015,5
32020,5
32025,5
32030,5
32035,5
32040,5
32045,5
32050,5
32055,5
32060,5
32065,5
32070,5
32075,5
32080,5
32085,5
32090,5
32095,5
32100,5
32105,5
32110,5
32115,5
32120,5
32125,5
32130,5
32135,5
32140,5
32145,5
32150,5
32155,5
32160,5
32165,5
32170,5
32175,5
32180,5
32185,5
32190,5
32195,5
32200,5
32205,5
32210,5
32215,5
32220,5
32225,5
32230,5
32235,5
32240,5
32245,5
32250,5
32255,5
32260,5
32265,5
32270,5
32275,5
32280,5
32285,5
32290,5
32295,5
32300,5
32305,5
32310,5
32315,5
32320,5
32325,5
32330,5
32335,5
32340,5
32345,5
32350,5
32355,5
32360,5
32365,5
32370,5
32375,5
32380,5
32385,5
32390,5
32395,5
32400,5
32405,5
32410,5
32415,5
32420,5
32425,5
32430,5
32435,5
32440,5
32445,5
32450,5
32455,5
32460,5
32465,5
32470,5
32475,5
32480,5
32485,5
32490,5
32495,5
32500,5
32505,5
32510,5
32515,5
32520,5
32525,5
32530,5
32535,5
32540,5
32545,5
32550,5
32555,5
32560,5
32565,5
32570,5
32575,5
32580,5
32585,5
32590,5
32595,5
32600,5
32605,5
32610,5
32615,5
32620,5
32625,5
32630,5
32635,5
32640,5
32645,5
32650,5
32655,5
32660,5
32665,5
32670,5
32675,5
32680,5
32685,5
32690,5
32695,5
32700,5
32705,5
32710,5
32715,5
32720,5
32725,5
32730,5
32735,5
32740,5
32745,5
32750,5
32755,5
32760,5
32765,5
32770,5
32775,5
32780,5
32785,5
32790,5
32795,5
32800,5
32805,5
32810,5
32815,5
32820,5
32825,5
32830,5
32835,5
32840,5
32845,5
32850,5
32855,5
32860,5
32865,5
32870,5
32875,5
32880,5
32885,5
32890,5
32895,5
32900,5
32905,5
32910,5
32915,5
32920,5
32925,5
32930,5
32935,5
32940,5
32945,5
32950,5
32955,5
32960,5
32965,5
32970,5
32975,5
32980,5
32985,5
32990,5
32995,5
33000,5
33005,5
33010,5
33015,5
33020,5
33025,5
33030,5
33035,5
33040,5
33045,5
33050,5
33055,5
33060,5
33065,5
33070,5
33075,5
33080,5
33085,5
33090,5
33095,5
33100,5
33105,5
33110,5
33115,5
33120,5
33125,5
33130,5
33135,5
33140,5
33145,5
33150,5
33155,5
33160,5
33165,5
33170,5
33175,5
33180,5
33185,5
33190,5
33195,5
33200,5
33205,5
33210,5
33215,5
33220,5
33225,5
33230,5
33235,5
33240,5
33245,5
33250,5
33255,5
33260,5
33265,5
33270,5
33275,5
33280,5
33285,5
33290,5
33295,5
33300,5
33305,5
33310,5
33315,5
33320,5
33325,5
33330,5
33335,5
33340,5
33345,5
33350,5
33355,5
33360,5
33365,5
33370,5
33375,5
33380,5
33385,5
33390,5
33395,5
33400,5
33405,5
33410,5
33415,5
33420,5
33425,5
33430,5
33435,5
33440,5
33445,5
33450,5
33455,5
33460,5
33465,5
33470,5
33475,5
33480,5
33485,5
33490,5
33495,5
33500,5
33505,5
33510,5
33515,5
33520,5
33525,5
33530,5
33535,5
33540,5
33545,5
33550,5
33555,5
33560,5
33565,5
33570,5
33575,5
33580,5
33585,5
33590,5
33595,5
33600,5
33605,5
33610,5
33615,5
33620,5
33625,5
33630,5
33635,5
33640,5
33645,5
33650,5
33655,5
33660,5
33665,5
33670,5
33675,5
33680,5
33685,5
33690,5
33695,5
33700,5
33705,5
33710,5
33715,5
33720,5
33725,5
33730,5
33735,5
33740,5
33745,5
33750,5
33755,5
33760,5
33765,5
33770,5
33775,5
33780,5
33785,5
33790,5
33795,5
33800,5
33805,5
33810,5
33815,5
33820,5
33825,5
33830,5
33835,5
33840,5
33845,5
33850,5
33855,5
33860,5
33865,5
33870,5
33875,5
33880,5
33885,5
33890,5
33895,5
33900,5
33905,5
33910,5
33915,5
33920,5
33925,5
33930,5
33935,5
33940,5
33945,5
33950,5
33955,5
33960,5
33965,5
33970,5
33975,5
33980,5
33985,5
33990,5
33995,5
34000,5
34005,5
34010,5
34015,5
34020,5
34025,5
34030,5
34035,5
34040,5
34045,5
34050,5
34055,5
34060,5
34065,5
34070,5
34075,5
34080,5
34085,5
34090,5
34095,5
34100,5
34105,5
34110,5
34115,5
34120,5
34125,5
34130,5
34135,5
34140,5
34145,5
34150,5
34155,5
34160,5
34165,5
34170,5
34175,5
34180,5
34185,5
34190,5
34195,5
34200,5
34205,5
34210,5
34215,5
34220,5
34225,5
34230,5
34235,5
34240,5
34245,5
34250,5
34255,5
34260,5
34265,5
34270,5
34275,5
34280,5
34285,5
34290,5
34295,5
34300,5
34305,5
34310,5
34315,5
34320,5
34325,5
34330,5
34335,5
34340,5
34345,5
34350,5
34355,5
34360,5
34365,5
34370,5
34375,5
34380,5
34385,5
34390,5
34395,5
34400,5
34405,5
34410,5
34415,5
34420,5
34425,5
34430,5
34435,5
34440,5
34445,5
34450,5
34455,5
34460,5
34465,5
34470,5
34475,5
34480,5
34485,5
34490,5
34495,5
34500,5
34505,5
34510,5
34515,5
34520,5
34525,5
34530,5
34535,5
34540,5
34545,5
34550,5
34555,5
34560,5
34565,5
34570,5
34575,5
34580,5
34585,5
34590,5
34595,5
34600,5
34605,5
34610,5
34615,5
34620,5
34625,5
34630,5
34635,5
34640,5
34645,5
34650,5
34655,5
34660,5
34665,5
34670,5
34675,5
34680,5
34685,5
34690,5
34695,5
34700,5
34705,5
34710,5
34715,5
34720,5
34725,5
34730,5
34735,5
34740,5
34745,5
34750,5
34755,5
34760,5
34765,5
34770,5
34775,5
34780,5
34785,5
34790,5
34795,5
34800,5
34805,5
34810,5
34815,5
34820,5
34825,5
34830,5
34835,5
34840,5
34845,5
34850,5
34855,5
34860,5
34865,5
34870,5
34875,5
34880,5
34885,5
34890,5
34895,5
34900,5
34905,5
34910,5
34915,5
34920,5
34925,5
34930,5
34935,5
34940,5
34945,5
34950,5
34955,5
34960,5
34965,5
34970,5
34975,5
34980,5
34985,5
34990,5
34995,5
35000,5
35005,5
35010,5
35015,5
35020,5
35025,5
35030,5
35035,5
35040,5
35045,5
35050,5
35055,5
35060,5
35065,5
35070,5
35075,5
35080,5
35085,5
35090,5
35095,5
35100,5
35105,5
35110,5
35115,5
35120,5
35125,5
35130,5
35135,5
35140,5
35145,5
35150,5
35155,5
35160,5
35165,5
35170,5
35175,5
35180,5
35185,5
35190,5
35195,5
35200,5
35205,5
35210,5
35215,5
35220,5
35225,5
35230,5
35235,5
35240,5
35245,5
35250,5
35255,5
35260,5
35265,5
35270,5
35275,5
35280,5
35285,5
35290,5
35295,5
35300,5
35305,5
35310,5
35315,5
35320,5
35325,5
35330,5
35335,5
35340,5
35345,5
35350,5
35355,5
35360,5
35365,5
35370,5
35375,5
35380,5
35385,5
35390,5
35395,5
35400,5
35405,5
35410,5
35415,5
35420,5
35425,5
35430,5
35435,5
35440,5
35445,5
35450,5
35455,5
35460,5
35465,5
35470,5
35475,5
35480,5
35485,5
35490,5
35495,5
35500,5
35505,5
35510,5
35515,5
35520,5
35525,5
35530,5
35535,5
35540,5
35545,5
35550,5
35555,5
35560,5
35565,5
35570,5
35575,5
35580,5
35585,5
35590,5
35595,5
35600,5
35605,5
35610,5
35615,5
35620,5
35625,5
35630,5
35635,5
35640,5
35645,5
35650,5
35655,5
35660,5
35665,5
35670,5
35675,5
35680,5
35685,5
35690,5
35695,5
35700,5
35705,5
35710,5
35715,5
35720,5
35725,5
35730,5
35735,5
35740,5
35745,5
35750,5
35755,5
35760,5
35765,5
35770,5
35775,5
35780,5
35785,5
35790,5
35795,5
35800,5
35805,5
35810,5
35815,5
35820,5
35825,5
35830,5
35835,5
35840,5
35845,5
35850,5
35855,5
35860,5
35865,5
35870,5
35875,5
35880,5
35885,5
35890,5
35895,5
35900,5
35905,5
35910,5
35915,5
35920,5
35925,5
35930,5
35935,5
35940,5
35945,5
35950,5
35955,5
35960,5
35965,5
35970,5
35975,5
35980,5
35985,5
35990,5
35995,5
36000,5
36005,5
36010,5
36015,5
36020,5
36025,5
36030,5
36035,5
36040,5
36045,5
36050,5
36055,5
36060,5
36065,5
36070,5
36075,5
36080,5
36085,5
36090,5
36095,5
36100,5
36105,5
36110,5
36115,5
36120,5
36125,5
36130,5
36135,5
36140,5
36145,5
36150,5
36155,5
36160,5
36165,5
36170,5
36175,5
36180,5
36185,5
36190,5
36195,5
36200,5
36205,5
36210,5
36215,5
36220,5
36225,5
36230,5
36235,5
36240,5
36245,5
36250,5
36255,5
36260,5
36265,5
36270,5
36275,5
36280,5
36285,5
36290,5
36295,5
36300,5
36305,5
36310,5
36315,5
36320,5
36325,5
36330,5
36335,5
36340,5
36345,5
36350,5
36355,5
36360,5
36365,5
36370,5
36375,5
36380,5
36385,5
36390,5
36395,5
36400,5
36405,5
36410,5
36415,5
36420,5
36425,5
36430,5
36435,5
36440,5
36445,5
36450,5
36455,5
36460,5
36465,5
36470,5
36475,5
36480,5
36485,5
36490,5
36495,5
36500,5
36505,5
36510,5
36515,5
36520,5
36525,5
36530,5
36535,5
36540,5
36545,5
36550,5
36555,5
36560,5
36565,5
36570,5
36575,5
36580,5
36585,5
36590,5
36595,5
36600,5
36605,5
36610,5
36615,5
36620,5
36625,5
36630,5
36635,5
36640,5
36645,5
36650,5
36655,5
36660,5
36665,5
36670,5
36675,5
36680,5
36685,5
36690,5
36695,5
36700,5
36705,5
36710,5
36715,5
36720,5
36725,5
36730,5
36735,5
36740,5
36745,5
36750,5
36755,5
36760,5
36765,5
36770,5
36775,5
36780,5
36785,5
36790,5
36795,5
36800,5
36805,5
36810,5
36815,5
36820,5
36825,5
36830,5
36835,5
36840,5
36845,5
36850,5
36855,5
36860,5
36865,5
36870,5
36875,5
36880,5
36885,5
36890,5
36895,5
36900,5
36905,5
36910,5
36915,5
36920,5
36925,5
36930,5
36935,5
36940,5
36945,5
36950,5
36955,5
36960,5
36965,5
36970,5
36975,5
36980,5
36985,5
36990,5
36995,5
37000,5
37005,5
37010,5
37015,5
37020,5
37025,5
37030,5
37035,5
37040,5
37045,5
37050,5
37055,5
37060,5
37065,5
37070,5
37075,5
37080,5
37085,5
37090,5
37095,5
37100,5
37105,5
37110,5
37115,5
37120,5
37125,5
37130,5
37135,5
37140,5
37145,5
37150,5
37155,5
37160,5
37165,5
37170,5
37175,5
37180,5
37185,5
37190,5
37195,5
37200,5
37205,5
37210,5
37215,5
37220,5
37225,5
37230,5
37235,5
37240,5
37245,5
37250,5
37255,5
37260,5
37265,5
37270,5
37275,5
37280,5
37285,5
37290,5
37295,5
37300,5
37305,5
37310,5
37315,5
37320,5
37325,5
37330,5
37335,5
37340,5
37345,5
37350,5
37355,5
37360,5
37365,5
37370,5
37375,5
37380,5
37385,5
37390,5
37395,5
37400,5
37405,5
37410,5
37415,5
37420,5
37425,5
37430,5
37435,5
37440,5
37445,5
37450,5
37455,5
37460,5
37465,5
37470,5
37475,5
37480,5
37485,5
37490,5
37495,5
37500,5
37505,5
37510,5
37515,5
37520,5
37525,5
37530,5
37535,5
37540,5
37545,5
37550,5
37555,5
37560,5
37565,5
37570,5
37575,5
37580,5
37585,5
37590,5
37595,5
37600,5
37605,5
37610,5
37615,5
37620,5
37625,5
37630,5
37635,5
37640,5
37645,5
37650,5
37655,5
37660,5
37665,5
37670,5
37675,5
37680,5
37685,5
37690,5
37695,5
37700,5
37705,5
37710,5
37715,5
37720,5
37725,5
37730,5
37735,5
37740,5
37745,5
37750,5
37755,5
37760,5
37765,5
37770,5
37775,5
37780,5
37785,5
37790,5
37795,5
37800,5
37805,5
37810,5
37815,5
37820,5
37825,5
37830,5
37835,5
37840,5
37845,5
37850,5
37855,5
37860,5
37865,5
37870,5
37875,5
37880,5
37885,5
37890,5
37895,5
37900,5
37905,5
37910,5
37915,5
37920,5
37925,5
37930,5
37935,5
37940,5
37945,5
37950,5
37955,5
37960,5
37965,5
37970,5
37975,5
37980,5
37985,5
37990,5
37995,5
38000,5
38005,5
38010,5
38015,5
38020,5
38025,5
38030,5
38035,5
38040,5
38045,5
38050,5
38055,5
38060,5
38065,5
38070,5
38075,5
38080,5
38085,5
38090,5
38095,5
38100,5
38105,5
38110,5
38115,5
38120,5
38125,5
38130,5
38135,5
38140,5
38145,5
38150,5
38155,5
38160,5
38165,5
38170,5
38175,5
38180,5
38185,5
38190,5
38195,5
38200,5
38205,5
38210,5
38215,5
38220,5
38225,5
38230,5
38235,5
38240,5
38245,5
38250,5
38255,5
38260,5
38265,5
38270,5
38275,5
38280,5
38285,5
38290,5
38295,5
38300,5
38305,5
38310,5
38315,5
38320,5
38325,5
38330,5
38335,5
38340,5
38345,5
38350,5
38355,5
38360,5
38365,5
38370,5
38375,5
38380,5
38385,5
38390,5
38395,5
38400,5
38405,5
38410,5
38415,5
38420,5
38425,5
38430,5
38435,5
38440,5
38445,5
38450,5
38455,5
38460,5
38465,5
38470,5
38475,5
38480,5
38485,5
38490,5
38495,5
38500,5
38505,5
38510,5
38515,5
38520,5
38525,5
38530,5
38535,5
38540,5
38545,5
38550,5
38555,5
38560,5
38565,5
38570,5
38575,5
38580,5
38585,5
38590,5
38595,5
38600,5
38605,5
38610,5
38615,5
38620,5
38625,5
38630,5
38635,5
38640,5
38645,5
38650,5
38655,5
38660,5
38665,5
38670,5
38675,5
38680,5
38685,5
38690,5
38695,5
38700,5
38705,5
38710,5
38715,5
38720,5
38725,5
38730,5
38735,5
38740,5
38745,5
38750,5
38755,5
38760,5
38765,5
38770,5
38775,5
38780,5
38785,5
38790,5
38795,5
38800,5
38805,5
38810,5
38815,5
38820,5
38825,5
38830,5
38835,5
38840,5
38845,5
38850,5
38855,5
38860,5
38865,5
38870,5
38875,5
38880,5
38885,5
38890,5
38895,5
38900,5
38905,5
38910,5
38915,5
38920,5
38925,5
38930,5
38935,5
38940,5
38945,5
38950,5
38955,5
38960,5
38965,5
38970,5
38975,5
38980,5
38985,5
38990,5
38995,5
39000,5
39005,5
39010,5
39015,5
39020,5
39025,5
39030,5
39035,5
39040,5
39045,5
39050,5
39055,5
39060,5
39065,5
39070,5
39075,5
39080,5
39085,5
39090,5
39095,5
39100,5
39105,5
39110,5
39115,5
39120,5
39125,5
39130,5
39135,5
39140,5
39145,5
39150,5
39155,5
39160,5
39165,5
39170,5
39175,5
39180,5
39185,5
39190,5
39195,5
39200,5
39205,5
39210,5
39215,5
39220,5
39225,5
39230,5
39235,5
39240,5
39245,5
39250,5
39255,5
39260,5
39265,5
39270,5
39275,5
39280,5
39285,5
39290,5
39295,5
39300,5
39305,5
39310,5
39315,5
39320,5
39325,5
39330,5
39335,5
39340,5
39345,5
39350,5
39355,5
39360,5
39365,5
39370,5
39375,5
39380,5
39385,5
39390,5
39395,5
39400,5
39405,5
39410,5
39415,5
39420,5
39425,5
39430,5
39435,5
39440,5
39445,5
39450,5
39455,5
39460,5
39465,5
39470,5
39475,5
39480,5
39485,5
39490,5
39495,5
39500,5
39505,5
39510,5
39515,5
39520,5
39525,5
39530,5
39535,5
39540,5
39545,5
39550,5
39555,5
39560,5
39565,5
39570,5
39575,5
39580,5
39585,5
39590,5
39595,5
39600,5
39605,5
39610,5
39615,5
39620,5
39625,5
39630,5
39635,5
39640,5
39645,5
39650,5
39655,5
39660,5
39665,5
39670,5
39675,5
39680,5
39685,5
39690,5
39695,5
39700,5
39705,5
39710,5
39715,5
39720,5
39725,5
39730,5
39735,5
39740,5
39745,5
39750,5
39755,5
39760,5
39765,5
39770,5
39775,5
39780,5
39785,5
39790,5
39795,5
39800,5
39805,5
39810,5
39815,5
39820,5
39825,5
39830,5
39835,5
39840,5
39845,5
39850,5
39855,5
39860,5
39865,5
39870,5
39875,5
39880,5
39885,5
39890,5
39895,5
39900,5
39905,5
39910,5
39915,5
39920,5
39925,5
39930,5
39935,5
39940,5
39945,5
39950,5
39955,5
39960,5
39965,5
39970,5
39975,5
39980,5
39985,5
39990,5
39995,5
40000,5
40005,5
40010,5
40015,5
40020,5
40025,5
40030,5
40035,5
40040,5
40045,5
40050,5
40055,5
40060,5
40065,5
40070,5
40075,5
40080,5
40085,5
40090,5
40095,5
40100,5
40105,5
40110,5
40115,5
40120,5
40125,5
40130,5
40135,5
40140,5
40145,5
40150,5
40155,5
40160,5
40165,5
40170,5
40175,5
40180,5
40185,5
40190,5
40195,5
40200,5
40205,5
40210,5
40215,5
40220,5
40225,5
40230,5
40235,5
40240,5
40245,5
40250,5
40255,5
40260,5
40265,5
40270,5
40275,5
40280,5
40285,5
40290,5
40295,5
40300,5
40305,5
40310,5
40315,5
40320,5
40325,5
40330,5
40335,5
40340,5
40345,5
40350,5
40355,5
40360,5
40365,5
40370,5
40375,5
40380,5
40385,5
40390,5
40395,5
40400,5
40405,5
40410,5
40415,5
40420,5
40425,5
40430,5
40435,5
40440,5
40445,5
40450,5
40455,5
40460,5
40465,5
40470,5
40475,5
40480,5
40485,5
40490,5
40495,5
40500,5
40505,5
40510,5
40515,5
40520,5
40525,5
40530,5
40535,5
40540,5
40545,5
40550,5
40555,5
40560,5
40565,5
40570,5
40575,5
40580,5
40585,5
40590,5
40595,5
40600,5
40605,5
40610,5
40615,5
40620,5
40625,5
40630,5
40635,5
40640,5
40645,5
40650,5
40655,5
40660,5
40665,5
40670,5
40675,5
40680,5
40685,5
40690,5
40695,5
40700,5
40705,5
40710,5
40715,5
40720,5
40725,5
40730,5
40735,5
40740,5
40745,5
40750,5
40755,5
40760,5
40765,5
40770,5
40775,5
40780,5
40785,5
40790,5
40795,5
40800,5
40805,5
40810,5
40815,5
40820,5
40825,5
40830,5
40835,5
40840,5
40845,5
40850,5
40855,5
40860,5
40865,5
40870,5
40875,5
40880,5
40885,5
40890,5
40895,5
40900,5
40905,5
40910,5
40915,5
40920,5
40925,5
40930,5
40935,5
40940,5
40945,5
40950,5
40955,5
40960,5
40965,5
40970,5
40975,5
40980,5
40985,5
40990,5
40995,5
41000,5
41005,5
41010,5
41015,5
41020,5
41025,5
41030,5
41035,5
41040,5
41045,5
41050,5
41055,5
41060,5
41065,5
41070,5
41075,5
41080,5
41085,5
41090,5
41095,5
41100,5
41105,5
41110,5
41115,5
41120,5
41125,5
41130,5
41135,5
41140,5
41145,5
41150,5
41155,5
41160,5
41165,5
41170,5
41175,5
41180,5
41185,5
41190,5
41195,5
41200,5
41205,5
41210,5
41215,5
41220,5
41225,5
41230,5
41235,5
41240,5
41245,5
41250,5
41255,5
41260,5
41265,5
41270,5
41275,5
41280,5
41285,5
41290,5
41295,5
41300,5
41305,5
41310,5
41315,5
41320,5
41325,5
41330,5
41335,5
41340,5
41345,5
41350,5
41355,5
41360,5
41365,5
41370,5
41375,5
41380,5
41385,5
41390,5
41395,5
41400,5
41405,5
41410,5
41415,5
41420,5
41425,5
41430,5
41435,5
41440,5
41445,5
41450,5
41455,5
41460,5
41465,5
41470,5
41475,5
41480,5
41485,5
41490,5
41495,5
41500,5
41505,5
41510,5
41515,5
41520,5
41525,5
41530,5
41535,5
41540,5
41545,5
41550,5
41555,5
41560,5
41565,5
41570,5
41575,5
41580,5
41585,5
41590,5
41595,5
41600,5
41605,5
41610,5
41615,5
41620,5
41625,5
41630,5
41635,5
41640,5
41645,5
41650,5
41655,5
41660,5
41665,5
41670,5
41675,5
41680,5
41685,5
41690,5
41695,5
41700,5
41705,5
41710,5
41715,5
41720,5
41725,5
41730,5
41735,5
41740,5
41745,5
41750,5
41755,5
41760,5
41765,5
41770,5
41775,5
41780,5
41785,5
41790,5
41795,5
41800,5
41805,5
41810,5
41815,5
41820,5
41825,5
41830,5
41835,5
41840,5
41845,5
41850,5
41855,5
41860,5
41865,5
41870,5
41875,5
41880,5
41885,5
41890,5
41895,5
41900,5
41905,5
41910,5
41915,5
41920,5
41925,5
41930,5
41935,5
41940,5
41945,5
41950,5
41955,5
41960,5
41965,5
41970,5
41975,5
41980,5
41985,5
41990,5
41995,5
42000,5
42005,5
42010,5
42015,5
42020,5
42025,5
42030,5
42035,5
42040,5
42045,5
42050,5
42055,5
42060,5
42065,5
42070,5
42075,5
42080,5
42085,5
42090,5
42095,5
42100,5
42105,5
42110,5
42115,5
42120,5
42125,5
42130,5
42135,5
42140,5
42145,5
42150,5
42155,5
42160,5
42165,5
42170,5
42175,5
42180,5
42185,5
42190,5
42195,5
42200,5
42205,5
42210,5
42215,5
42220,5
42225,5
42230,5
42235,5
42240,5
42245,5
42250,5
42255,5
42260,5
42265,5
42270,5
42275,5
42280,5
42285,5
42290,5
42295,5
42300,5
42305,5
42310,5
42315,5
42320,5
42325,5
42330,5
42335,5
42340,5
42345,5
42350,5
42355,5
42360,5
42365,5
42370,5
42375,5
42380,5
42385,5
42390,5
42395,5
42400,5
42405,5
42410,5
42415,5
42420,5
42425,5
42430,5
42435,5
42440,5
42445,5
42450,5
42455,5
42460,5
42465,5
42470,5
42475,5
42480,5
42485,5
42490,5
42495,5
42500,5
42505,5
42510,5
42515,5
42520,5
42525,5
42530,5
42535,5
42540,5
42545,5
42550,5
42555,5
42560,5
42565,5
42570,5
42575,5
42580,5
42585,5
42590,5
42595,5
42600,5
42605,5
42610,5
42615,5
42620,5
42625,5
42630,5
42635,5
42640,5
42645,5
42650,5
42655,5
42660,5
42665,5
42670,5
42675,5
42680,5
42685,5
42690,5
42695,5
42700,5
42705,5
42710,5
42715,5
42720,5
42725,5
42730,5
42735,5
42740,5
42745,5
42750,5
42755,5
42760,5
42765,5
42770,5
42775,5
42780,5
42785,5
42790,5
42795,5
42800,5
42805,5
42810,5
42815,5
42820,5
42825,5
42830,5
42835,5
42840,5
42845,5
42850,5
42855,5
42860,5
42865,5
42870,5
42875,5
42880,5
42885,5
42890,5
42895,5
42900,5
42905,5
42910,5
42915,5
42920,5
42925,5
42930,5
42935,5
42940,5
42945,5
42950,5
42955,5
42960,5
42965,5
42970,5
42975,5
42980,5
42985,5
42990,5
42995,5
43000,5
43005,5
43010,5
43015,5
43020,5
43025,5
43030,5
43035,5
43040,5
43045,5
43050,5
43055,5
43060,5
43065,5
43070,5
43075,5
43080,5
43085,5
43090,5
43095,5
43100,5
43105,5
43110,5
43115,5
43120,5
43125,5
43130,5
43135,5
43140,5
43145,5
43150,5
43155,5
43160,5
43165,5
43170,5
43175,5
43180,5
43185,5
43190,5
43195,5
43200,5
43205,5
43210,5
43215,5
43220,5
43225,5
43230,5
43235,5
43240,5
43245,5
43250,5
43255,5
43260,5
43265,5
43270,5
43275,5
43280,5
43285,5
43290,5
43295,5
43300,5
43305,5
43310,5
43315,5
43320,5
43325,5
43330,5
43335,5
43340,5
43345,5
43350,5
43355,5
43360,5
43365,5
43370,5
43375,5
43380,5
43385,5
43390,5
43395,5
43400,5
43405,5
43410,5
43415,5
43420,5
43425,5
43430,5
43435,5
43440,5
43445,5
43450,5
43455,5
43460,5
43465,5
43470,5
43475,5
43480,5
43485,5
43490,5
43495,5
43500,5
43505,5
43510,5
43515,5
43520,5
43525,5
43530,5
43535,5
43540,5
43545,5
43550,5
43555,5
43560,5
43565,5
43570,5
43575,5
43580,5
43585,5
43590,5
43595,5
43600,5
43605,5
43610,5
43615,5
43620,5
43625,5
43630,5
43635,5
43640,5
43645,5
43650,5
43655,5
43660,5
43665,5
43670,5
43675,5
43680,5
43685,5
43690,5
43695,5
43700,5
43705,5
43710,5
43715,5
43720,5
43725,5
43730,5
43735,5
43740,5
43745,5
43750,5
43755,5
43760,5
43765,5
43770,5
43775,5
43780,5
43785,5
43790,5
43795,5
43800,5
43805,5
43810,5
43815,5
43820,5
43825,5
43830,5
43835,5
43840,5
43845,5
43850,5
43855,5
43860,5
43865,5
43870,5
43875,5
43880,5
43885,5
43890,5
43895,5
43900,5
43905,5
43910,5
43915,5
43920,5
43925,5
43930,5
43935,5
43940,5
43945,5
43950,5
43955,5
43960,5
43965,5
43970,5
43975,5
43980,5
43985,5
43990,5
43995,5
44000,5
44005,5
44010,5
44015,5
44020,5
44025,5
44030,5
44035,5
44040,5
44045,5
44050,5
44055,5
44060,5
44065,5
44070,5
44075,5
44080,5
44085,5
44090,5
44095,5
44100,5
44105,5
44110,5
44115,5
44120,5
44125,5
44130,5
44135,5
44140,5
44145,5
44150,5
44155,5
44160,5
44165,5
44170,5
44175,5
44180,5
44185,5
44190,5
44195,5
44200,5
44205,5
44210,5
44215,5
44220,5
44225,5
44230,5
44235,5
44240,5
44245,5
44250,5
44255,5
44260,5
44265,5
44270,5
44275,5
44280,5
44285,5
44290,5
44295,5
44300,5
44305,5
44310,5
44315,5
44320,5
44325,5
44330,5
44335,5
44340,5
44345,5
44350,5
44355,5
44360,5
44365,5
44370,5
44375,5
44380,5
44385,5
44390,5
44395,5
44400,5
44405,5
44410,5
44415,5
44420,5
44425,5
44430,5
44435,5
44440,5
44445,5
44450,5
44455,5
44460,5
44465,5
44470,5
44475,5
44480,5
44485,5
44490,5
44495,5
44500,5
44505,5
44510,5
44515,5
44520,5
44525,5
44530,5
44535,5
44540,5
44545,5
44550,5
44555,5
44560,5
44565,5
44570,5
44575,5
44580,5
44585,5
44590,5
44595,5
44600,5
44605,5
44610,5
44615,5
44620,5
44625,5
44630,5
44635,5
44640,5
44645,5
44650,5
44655,5
44660,5
44665,5
44670,5
44675,5
44680,5
44685,5
44690,5
44695,5
44700,5
44705,5
44710,5
44715,5
44720,5
44725,5
44730,5
44735,5
44740,5
44745,5
44750,5
44755,5
44760,5
44765,5
44770,5
44775,5
44780,5
44785,5
44790,5
44795,5
44800,5
44805,5
44810,5
44815,5
44820,5
44825,5
44830,5
44835,5
44840,5
44845,5
44850,5
44855,5
44860,5
44865,5
44870,5
44875,5
44880,5
44885,5
44890,5
44895,5
44900,5
44905,5
44910,5
44915,5
44920,5
44925,5
44930,5
44935,5
44940,5
44945,5
44950,5
44955,5
44960,5
44965,5
44970,5
44975,5
44980,5
44985,5
44990,5
44995,5
45000,5
45005,5
45010,5
45015,5
45020,5
45025,5
45030,5
45035,5
45040,5
45045,5
45050,5
45055,5
45060,5
45065,5
45070,5
45075,5
45080,5
45085,5
45090,5
45095,5
45100,5
45105,5
45110,5
45115,5
45120,5
45125,5
45130,5
45135,5
45140,5
45145,5
45150,5
45155,5
45160,5
45165,5
45170,5
45175,5
45180,5
45185,5
45190,5
45195,5
45200,5
45205,5
45210,5
45215,5
45220,5
45225,5
45230,5
45235,5
45240,5
45245,5
45250,5
45255,5
45260,5
45265,5
45270,5
45275,5
45280,5
45285,5
45290,5
45295,5
45300,5
45305,5
45310,5
45315,5
45320,5
45325,5
45330,5
45335,5
45340,5
45345,5
45350,5
45355,5
45360,5
45365,5
45370,5
45375,5
45380,5
45385,5
45390,5
45395,5
45400,5
45405,5
45410,5
45415,5
45420,5
45425,5
45430,5
45435,5
45440,5
45445,5
45450,5
45455,5
45460,5
45465,5
45470,5
45475,5
45480,5
45485,5
45490,5
45495,5
45500,5
45505,5
45510,5
45515,5
45520,5
45525,5
45530,5
45535,5
45540,5
45545,5
45550,5
45555,5
45560,5
45565,5
45570,5
45575,5
45580,5
45585,5
45590,5
45595,5
45600,5
45605,5
45610,5
45615,5
45620,5
45625,5
45630,5
45635,5
45640,5
45645,5
45650,5
45655,5
45660,5
45665,5
45670,5
45675,5
45680,5
45685,5
45690,5
45695,5
45700,5
45705,5
45710,5
45715,5
45720,5
45725,5
45730,5
45735,5
45740,5
45745,5
45750,5
45755,5
45760,5
45765,5
45770,5
45775,5
45780,5
45785,5
45790,5
45795,5
45800,5
45805,5
45810,5
45815,5
45820,5
45825,5
45830,5
45835,5
45840,5
45845,5
45850,5
45855,5
45860,5
45865,5
45870,5
45875,5
45880,5
45885,5
45890,5
45895,5
45900,5
45905,5
45910,5
45915,5
45920,5
45925,5
45930,5
45935,5
45940,5
45945,5
45950,5
45955,5
45960,5
45965,5
45970,5
45975,5
45980,5
45985,5
45990,5
45995,5
46000,5
46005,5
46010,5
46015,5
46020,5
46025,5
46030,5
46035,5
46040,5
46045,5
46050,5
46055,5
46060,5
46065,5
46070,5
46075,5
46080,5
46085,5
46090,5
46095,5
46100,5
46105,5
46110,5
46115,5
46120,5
46125,5
46130,5
46135,5
46140,5
46145,5
46150,5
46155,5
46160,5
46165,5
46170,5
46175,5
46180,5
46185,5
46190,5
46195,5
46200,5
46205,5
46210,5
46215,5
46220,5
46225,5
46230,5
46235,5
46240,5
46245,5
46250,5
46255,5
46260,5
46265,5
46270,5
46275,5
46280,5
46285,5
46290,5
46295,5
46300,5
46305,5
46310,5
46315,5
46320,5
46325,5
46330,5
46335,5
46340,5
46345,5
46350,5
46355,5
46360,5
46365,5
46370,5
46375,5
46380,5
46385,5
46390,5
46395,5
46400,5
46405,5
46410,5
46415,5
46420,5
46425,5
46430,5
46435,5
46440,5
46445,5
46450,5
46455,5
46460,5
46465,5
46470,5
46475,5
46480,5
46485,5
46490,5
46495,5
46500,5
46505,5
46510,5
46515,5
46520,5
46525,5
46530,5
46535,5
46540,5
46545,5
46550,5
46555,5
46560,5
46565,5
46570,5
46575,5
46580,5
46585,5
46590,5
46595,5
46600,5
46605,5
46610,5
46615,5
46620,5
46625,5
46630,5
46635,5
46640,5
46645,5
46650,5
46655,5
46660,5
46665,5
46670,5
46675,5
46680,5
46685,5
46690,5
46695,5
46700,5
46705,5
46710,5
46715,5
46720,5
46725,5
46730,5
46735,5
46740,5
46745,5
46750,5
46755,5
46760,5
46765,5
46770,5
46775,5
46780,5
46785,5
46790,5
46795,5
46800,5
46805,5
46810,5
46815,5
46820,5
46825,5
46830,5
46835,5
46840,5
46845,5
46850,5
46855,5
46860,5
46865,5
46870,5
46875,5
46880,5
46885,5
46890,5
46895,5
46900,5
46905,5
46910,5
46915,5
46920,5
46925,5
46930,5
46935,5
46940,5
46945,5
46950,5
46955,5
46960,5
46965,5
46970,5
46975,5
46980,5
46985,5
46990,5
46995,5
47000,5
47005,5
47010,5
47015,5
47020,5
47025,5
47030,5
47035,5
47040,5
47045,5
47050,5
47055,5
47060,5
47065,5
47070,5
47075,5
47080,5
47085,5
47090,5
47095,5
47100,5
47105,5
47110,5
47115,5
47120,5
47125,5
47130,5
47135,5
47140,5
47145,5
47150,5
47155,5
47160,5
47165,5
47170,5
47175,5
47180,5
47185,5
47190,5
47195,5
47200,5
47205,5
47210,5
47215,5
47220,5
47225,5
47230,5
47235,5
47240,5
47245,5
47250,5
47255,5
47260,5
47265,5
47270,5
47275,5
47280,5
47285,5
47290,5
47295,5
47300,5
47305,5
47310,5
47315,5
47320,5
47325,5
47330,5
47335,5
47340,5
47345,5
47350,5
47355,5
47360,5
47365,5
47370,5
47375,5
47380,5
47385,5
47390,5
47395,5
47400,5
47405,5
47410,5
47415,5
47420,5
47425,5
47430,5
47435,5
47440,5
47445,5
47450,5
47455,5
47460,5
47465,5
47470,5
47475,5
47480,5
47485,5
47490,5
47495,5
47500,5
47505,5
47510,5
47515,5
47520,5
47525,5
47530,5
47535,5
47540,5
47545,5
47550,5
47555,5
47560,5
47565,5
47570,5
47575,5
47580,5
47585,5
47590,5
47595,5
47600,5
47605,5
47610,5
47615,5
47620,5
47625,5
47630,5
47635,5
47640,5
47645,5
47650,5
47655,5
47660,5
47665,5
47670,5
47675,5
47680,5
47685,5
47690,5
47695,5
47700,5
47705,5
47710,5
47715,5
47720,5
47725,5
47730,5
47735,5
47740,5
47745,5
47750,5
47755,5
47760,5
47765,5
47770,5
47775,5
47780,5
47785,5
47790,5
47795,5
47800,5
47805,5
47810,5
47815,5
47820,5
47825,5
47830,5
47835,5
47840,5
47845,5
47850,5
47855,5
47860,5
47865,5
47870,5
47875,5
47880,5
47885,5
47890,5
47895,5
47900,5
47905,5
47910,5
47915,5
47920,5
47925,5
47930,5
47935,5
47940,5
47945,5
47950,5
47955,5
47960,5
47965,5
47970,5
47975,5
47980,5
47985,5
47990,5
47995,5
48000,5
48005,5
48010,5
48015,5
48020,5
48025,5
48030,5
48035,5
48040,5
48045,5
48050,5
48055,5
48060,5
48065,5
48070,5
48075,5
48080,5
48085,5
48090,5
48095,5
48100,5
48105,5
48110,5
48115,5
48120,5
48125,5
48130,5
48135,5
48140,5
48145,5
48150,5
48155,5
48160,5
48165,5
48170,5
48175,5
48180,5
48185,5
48190,5
48195,5
48200,5
48205,5
48210,5
48215,5
48220,5
48225,5
48230,5
48235,5
48240,5
48245,5
48250,5
48255,5
48260,5
48265,5
48270,5
48275,5
48280,5
48285,5
48290,5
48295,5
48300,5
48305,5
48310,5
48315,5
48320,5
48325,5
48330,5
48335,5
48340,5
48345,5
48350,5
48355,5
48360,5
48365,5
48370,5
48375,5
48380,5
48385,5
48390,5
48395,5
48400,5
48405,5
48410,5
48415,5
48420,5
48425,5
48430,5
48435,5
48440,5
48445,5
48450,5
48455,5
48460,5
48465,5
48470,5
48475,5
48480,5
48485,5
48490,5
48495,5
48500,5
48505,5
48510,5
48515,5
48520,5
48525,5
48530,5
48535,5
48540,5
48545,5
48550,5
48555,5
48560,5
48565,5
48570,5
48575,5
48580,5
48585,5
48590,5
48595,5
48600,5
48605,5
48610,5
48615,5
48620,5
48625,5
48630,5
48635,5
48640,5
48645,5
48650,5
48655,5
48660,5
48665,5
48670,5
48675,5
48680,5
48685,5
48690,5
48695,5
48700,5
48705,5
48710,5
48715,5
48720,5
48725,5
48730,5
48735,5
48740,5
48745,5
48750,5
48755,5
48760,5
48765,5
48770,5
48775,5
48780,5
48785,5
48790,5
48795,5
48800,5
48805,5
48810,5
48815,5
48820,5
48825,5
48830,5
48835,5
48840,5
48845,5
48850,5
48855,5
48860,5
48865,5
48870,5
48875,5
48880,5
48885,5
48890,5
48895,5
48900,5
48905,5
48910,5
48915,5
48920,5
48925,5
48930,5
48935,5
48940,5
48945,5
48950,5
48955,5
48960,5
48965,5
48970,5
48975,5
48980,5
48985,5
48990,5
48995,5
49000,5
49005,5
49010,5
49015,5
49020,5
49025,5
49030,5
49035,5
49040,5
49045,5
49050,5
49055,5
49060,5
49065,5
49070,5
49075,5
49080,5
49085,5
49090,5
49095,5
49100,5
49105,5
49110,5
49115,5
49120,5
49125,5
49130,5
49135,5
49140,5
49145,5
49150,5
49155,5
49160,5
49165,5
49170,5
49175,5
49180,5
49185,5
49190,5
49195,5
49200,5
49205,5
49210,5
49215,5
49220,5
49225,5
49230,5
49235,5
49240,5
49245,5
49250,5
49255,5
49260,5
49265,5
49270,5
49275,5
49280,5
49285,5
49290,5
49295,5
49300,5
49305,5
49310,5
49315,5
49320,5
49325,5
49330,5
49335,5
49340,5
49345,5
49350,5
49355,5
49360,5
49365,5
49370,5
49375,5
49380,5
49385,5
49390,5
49395,5
49400,5
49405,5
49410,5
49415,5
49420,5
49425,5
49430,5
49435,5
49440,5
49445,5
49450,5
49455,5
49460,5
49465,5
49470,5
49475,5
49480,5
49485,5
49490,5
49495,5
49500,5
49505,5
49510,5
49515,5
49520,5
49525,5
49530,5
49535,5
49540,5
49545,5
49550,5
49555,5
49560,5
49565,5
49570,5
49575,5
49580,5
49585,5
49590,5
49595,5
49600,5
49605,5
49610,5
49615,5
49620,5
49625,5
49630,5
49635,5
49640,5
49645,5
49650,5
49655,5
49660,5
49665,5
49670,5
49675,5
